0.99997985
0.9999479
0.9999515
0.9999956
0.9999969
0.99976474
0.99997926
0.9999932
0.99998534
0.99922454
0.9999063
0.9999856
0.99996805
0.99558264
0.9998965
0.99766636
0.9999974
0.99998975
0.9999869
0.9999969
0.9999962
0.988101
0.9994861
0.99999523
0.99999917
0.99998057
0.99947506
0.9820024
0.99999857
0.9999944
0.99995923
0.99998176
0.9999869
0.9998727
0.99999404
0.999987
0.99990547
0.99999475
0.9966047
0.9999993
0.98750776
0.99983895
0.9999924
0.99485624
0.999984
0.9989668
0.9999337
0.9999796
0.99999833
0.99999774
0.9997991
0.9999925
0.9997662
0.9972549
0.9992874
0.99990785
0.99994755
0.977473
0.9999901
0.9994993
0.9980843
0.9999583
0.99992764
0.99992585
0.99996746
0.9997222
0.99994636
0.9997962
0.9998963
0.9999988
0.999923
0.99998987
0.99941516
0.99955064
0.9999974
0.99915373
0.99999857
0.9999789
0.9999963
0.99999094
0.99999356
0.9999938
0.9992274
0.9969891
0.99931216
0.99900985
0.9985598
0.99998593
0.9999789
0.9999974
0.9990396
0.99999046
0.9999428
0.9999969
0.99996614
0.9999939
0.99996257
0.9999969
0.9999839
0.9999976
0.9997148
0.99900705
0.9999387
0.9929709
0.9999523
0.9999087
0.9998758
0.9999845
0.9996087
0.99998975
0.9999738
0.99999356
0.99989414
0.99997735
0.999997
0.9999919
0.99999416
0.99973124
0.99999595
0.9999858
0.99999154
0.9999995
0.9999734
0.9998318
0.99998343
0.9995443
0.99997556
0.9997863
0.99990976
0.999967
0.9995797
0.99999464
0.99847573
0.99999
0.9999232
0.99999535
0.9999914
0.9998921
0.9999865
0.99954957
0.9997701
0.9999927
0.99999285
0.9999306
0.99998677
0.9999927
0.9997012
0.99996614
0.9999889
0.99962676
0.9958489
0.99838877
0.9999957
0.9999913
0.9999852
0.99977773
0.9999882
0.9999726
0.9999819
0.9998412
0.99994266
0.99999917
0.9976476
0.9999815
0.9998406
0.99986434
0.9998791
0.99999225
0.9967698
0.99994254
0.99999726
0.99991107
0.9999144
0.9999937
0.9999951
0.9999025
0.9997261
0.9999981
0.999956
0.9999832
0.99938834
0.99993455
0.9987148
0.99988854
0.9999826
0.99999964
0.99949646
0.9993794
0.9999908
0.99880075
0.99995494
0.999982
0.9999976
0.9999119
0.9999856
0.99997675
0.9999788
0.99999404
0.99984384
0.99883384
0.9999938
0.9996749
0.9999566
0.9999627
0.9807433
0.99998426
0.9999951
0.9998977
0.9999665
0.99999475
0.99999726
0.9999608
0.99958473
0.999881
0.99996305
0.9997929
0.99975044
0.99159384
0.9999467
0.99997914
0.96983904
0.99995506
0.9998952
0.9999956
0.9999138
0.99999464
0.99999917
0.99846894
0.99478465
0.99999344
0.99053615
0.9999995
0.9997414
0.9999889
0.999961
0.9999541
0.99995077
0.9995561
0.999905
0.9999976
0.9999633
0.9985268
0.9895566
0.9854687
0.99999
0.99994135
0.9997869
0.99999607
0.9999541
0.99999356
0.9999814
0.99999905
0.99930906
0.9999738
0.9999478
0.9996569
0.9711591
0.9999968
0.99999
0.9999943
0.9999924
0.9999052
0.99999106
0.9997234
0.9999355
0.9996146
0.99995756
0.99937254
0.99999607
0.99999666
0.99998844
0.99999595
0.9973392
0.99998915
0.9999919
0.99999917
0.9999939
0.999997
0.99983835
0.9999794
0.99999404
0.9999827
0.9999254
0.9988016
0.99999833
0.9999008
0.9996748
0.99999976
0.9985013
0.99998677
0.99999666
0.999997
0.99993837
0.99840015
0.99998045
0.99997616
0.9999982
0.99998367
0.9999939
0.99995613
0.9999931
0.9905076
0.99997175
0.9999883
0.9997197
0.9999794
0.99999547
0.9999759
0.99993515
0.9999906
0.99999857
0.99876666
0.9999753
0.9999695
0.9999646
0.99995613
0.9999187
0.9999949
0.9999758
0.99647766
0.9999938
0.99999523
0.99999046
0.9999962
0.99990463
0.99974126
0.99999166
0.9999976
0.9984255
0.9999784
0.9999943
0.99993134
0.9944218
0.99995506
0.99904233
0.99996257
0.9999974
0.9999422
0.9999894
0.99451536
0.9999989
0.99998426
0.99998677
0.9999751
0.99994457
0.99997556
0.9999627
0.9999931
0.9998437
0.98987377
0.9999721
0.9999002
0.999984
0.99974674
0.9802397
0.9975573
0.9999969
0.9999411
0.99439126
0.9998808
0.99998033
0.9999653
0.9999629
0.99997604
0.9999974
0.99999785
0.9979919
0.9999887
0.99167186
0.99988544
0.99999774
0.9997646
0.9999387
0.9997706
0.99993145
0.999979
0.99998677
0.9991786
0.999984
0.99996674
0.9999918
0.9995384
0.9956287
0.9999931
0.91950285
0.9984983
0.982077
0.9999697
0.9925685
0.99999666
0.9999758
0.9981219
0.998516
0.99985516
0.9999989
0.9999589
0.9999807
0.9992478
0.99994934
0.99901164
0.99999213
0.9999981
0.99874973
0.9999933
0.99998057
0.99941075
0.8826987
0.99999475
0.99998343
0.9999982
0.9979417
0.9999827
0.9941439
0.9999925
0.99999774
0.99942255
0.9998416
0.9999988
0.9999937
0.9999962
0.9999994
0.999992
0.99976677
0.9999907
0.97617257
0.99995446
0.99931204
0.99971
0.99992025
0.999974
0.9992711
0.9911192
0.9999933
0.9999223
0.99999166
0.996675
0.9999943
0.99986374
0.99455196
0.99948645
0.99998796
0.99979097
0.99890697
0.999987
0.9999567
0.99999
0.99998546
0.9999802
0.9997992
0.99421835
0.99999356
0.99999475
0.99991715
0.99988425
0.99999976
0.99983764
0.9999684
0.99938405
0.99992895
0.99999857
0.91291857
0.9999552
0.99992037
0.9999771
0.999997
0.99992895
0.99999535
0.99991655
0.99941874
0.99998724
0.99999034
0.9999976
0.99997723
0.9999728
0.99999726
0.99930775
0.9994605
0.99428755
0.9999893
0.9998766
0.9999819
0.99999905
0.99999535
0.999977
0.99999535
0.9999113
0.9999925
0.99998426
0.9999902
0.9999838
0.9976903
0.99902964
0.99962425
0.9999993
0.9999931
0.9999982
0.9999982
0.99987006
0.9998952
0.99660313
0.9999542
0.99999774
0.9999926
0.9995974
0.9950193
0.9999968
0.9997826
0.99955314
0.9998965
0.99999845
0.99999654
0.9999695
0.9999943
0.9999733
0.9999616
0.99998987
0.9998616
0.99982613
0.99999845
0.9999809
0.99997306
0.99997437
0.9998487
0.9999794
0.9999975
0.98633504
0.99995816
0.99731714
0.9999616
0.9999521
0.999992
0.9998803
0.9999416
0.9999964
0.9999875
0.9999461
0.9999721
0.9992956
0.99999666
0.99981815
0.9999902
0.99729675
0.99999857
0.99994457
0.9900591
0.99998987
0.99880004
0.99999285
0.99999607
0.99965024
0.9999926
0.9991339
0.9999788
0.99998474
0.9999622
0.99915993
0.999936
0.9999865
0.99160904
0.99991024
0.999961
0.9999653
0.999987
0.99997663
0.9992349
0.92939955
0.99992514
0.999972
0.9999827
0.99990416
0.9999938
0.9533542
0.99999845
0.99999845
0.99996555
0.99834335
0.9998779
0.9942047
0.99998677
0.9999802
0.99999046
0.9999963
0.9999229
0.9996971
0.99999666
0.9999976
0.97886753
0.9999802
0.99995816
0.9999043
0.99996126
0.99872416
0.99939954
0.9999796
0.9955876
0.9998307
0.9981729
0.9999335
0.9998667
0.9999931
0.9999957
0.998387
0.99999225
0.9999937
0.9999745
0.99997413
0.99999416
0.9999964
0.9987185
0.9997385
0.999982
0.99999416
0.99997616
0.99576277
0.99993587
0.99999607
0.99426466
0.99999774
0.9999908
0.72237194
0.9998635
0.9995443
0.9999975
0.9857956
0.9975961
0.9902248
0.99995816
0.99956375
0.99999404
0.9999831
0.99999774
0.99999726
0.9999964
0.9996057
0.9990226
0.9757018
0.9999716
0.9992342
0.999895
0.99937505
0.99997926
0.9864227
0.99979407
0.0008419854
0.9999919
0.99999285
0.99994564
0.9999994
0.9998436
0.99649626
0.9999951
0.9999933
0.9999944
0.9999895
0.99957997
0.99990606
0.9999732
0.9985008
0.9999896
0.9999958
0.99996054
0.99934417
0.99999547
0.9994271
0.99999475
0.99999857
0.9999975
0.99998486
0.9999964
0.99996805
0.9999913
0.9999578
0.9999993
0.9999951
0.9999989
0.99994063
0.9997682
0.9999963
0.9999889
0.99962175
0.99997973
0.9998704
0.99993896
0.9999733
0.99999654
0.99995613
0.9999951
0.99999714
0.9999908
0.9999995
0.9979048
0.99975365
0.99995697
0.9999976
0.99211335
0.9999918
0.9852042
0.9999964
0.999275
0.9999317
0.99998844
0.9981383
0.99999917
0.99999535
0.9999747
0.99774396
0.998044
0.9998938
0.9711495
0.99958175
0.99999285
0.9999989
0.99999905
0.99993885
0.99999917
0.99999857
0.9999944
0.9959436
0.9999579
0.99995947
0.99992824
0.9999043
0.99985623
0.9999926
0.9951917
0.99844605
0.998938
0.99875176
0.9999409
0.99933213
0.9996019
0.999998
0.99999785
0.9996087
0.99994695
0.9999932
0.99993813
0.99994564
0.99999714
0.99988127
0.99999714
0.9996625
0.9996556
0.9987814
0.9999962
0.99982786
0.9996518
0.99999344
0.9999995
0.9989329
0.9994418
0.9999894
0.9999982
0.9999838
0.83630556
0.99451387
0.99999905
0.9999976
0.999979
0.9999106
0.99998724
0.9999708
0.9999521
0.9999887
0.999962
0.99995315
0.9999833
0.999987
0.9999982
0.9999901
0.99999464
0.9999665
0.99997175
0.99983525
0.9999908
0.9998826
0.99997735
0.9999981
0.9849281
0.9999901
0.9999232
0.9986337
0.9999602
0.8632895
0.99993765
0.999746
0.9999771
0.9999974
0.9999819
0.9999974
0.99619544
0.99943846
0.9881941
0.9733373
0.99975675
0.99994457
0.99975854
0.99998736
0.9999962
0.99998546
0.99998033
0.99999714
0.9998969
0.99998534
0.9999913
0.9995204
0.9996233
0.99998605
0.99947256
0.99978787
0.9994293
0.9999882
0.99991715
0.9963503
0.9999938
0.9999938
0.9999988
0.9999988
0.99999833
0.99998486
0.99985313
0.9999988
0.9999789
0.9999951
0.9964964
0.9998274
0.99998796
0.9888841
0.99998796
0.9999865
0.9997974
0.9999894
0.99962974
0.99828976
0.9999379
0.9997793
0.9999902
0.9993079
0.9992441
0.9993369
0.99978215
0.99998
0.9961324
0.9995813
0.99999094
0.99988985
0.9999757
0.9999331
0.99955636
0.9999995
0.9999865
0.99999666
0.9999685
0.9999968
0.99999666
0.9995641
0.99999726
0.9999914
0.9999939
0.99918
0.99054027
0.9999976
0.98964
0.99995434
0.99989486
0.99815816
0.99994063
0.99999416
0.9995596
0.9999728
0.99997675
0.9999974
0.99926263
0.99999785
0.99927264
0.99667525
0.99998915
0.99750656
0.99998236
0.9988192
0.99999547
0.99995553
0.9999325
0.9999938
0.999496
0.999974
0.9999846
0.9999801
0.9909978
0.99995875
0.9999981
0.99667716
0.9999715
0.9950759
0.985142
0.99996984
0.9997106
0.98825794
0.99972874
0.5729933
0.99997354
0.9996785
0.9999969
0.9999976
0.999979
0.99996614
0.99989855
0.99994373
0.9999871
0.9998104
0.9810144
0.9527572
0.999997
0.9987691
0.99807847
0.9885627
0.99999595
0.9999926
0.99975127
0.9999918
0.99997437
0.9999964
0.99990594
0.999881
0.99955195
0.99620926
0.9999846
0.99995697
0.9999032
0.9999958
0.99999166
0.9999974
0.99978155
0.99999726
0.9999658
0.9999162
0.9997446
0.9999169
0.9999989
0.99993753
0.9999901
0.9999933
0.99999857
0.9999939
0.99992764
0.99999213
0.99984777
0.9991999
0.9898616
0.89173895
0.9987423
0.99995494
0.9999939
0.99999166
0.9999471
0.99999356
0.99989283
0.9999964
0.9999968
0.99998295
0.99993527
0.999926
0.9999962
0.99939585
0.999613
0.999944
0.9999354
0.99995327
0.9998486
0.9999554
0.99999833
0.9855864
0.99999666
0.99970454
0.9999435
0.99995136
0.99965847
0.99999
0.9999993
0.9996941
0.99999654
0.99999595
0.99917525
0.9999707
0.99317944
0.9889066
0.99999857
0.9999968
0.99997294
0.9999676
0.9999968
0.9871667
0.9987484
0.99999356
0.99999416
0.99976486
0.9997009
0.9999963
0.99839455
0.99998856
0.9994537
0.99998975
0.99981636
0.999966
0.9999962
0.9999882
0.99919635
0.9999887
0.99996054
0.97738796
0.99999523
0.99556667
0.99940276
0.99998784
0.99999857
0.9999238
0.9999912
0.99999976
0.9999962
0.99994934
0.99998415
0.9998808
0.99991536
0.99091095
0.9999969
0.98602664
0.99999917
0.9999728
0.9981755
0.9998361
0.99987006
0.9999789
0.99999845
0.99995446
0.9996369
0.9999893
0.99756765
0.9996451
0.9999857
0.9999689
0.99760807
0.9998733
0.9999497
0.9995085
0.99999833
0.99998784
0.9999981
0.9999584
0.9999732
0.9999951
0.99980706
0.984982
0.9999881
0.999979
0.9997645
0.99998915
0.9939744
0.99997675
0.99999523
0.99993455
0.9999893
0.99999547
0.99998665
0.9999957
0.99996436
0.99999034
0.9998995
0.9995192
0.9999964
0.9999398
0.99998283
0.99902034
0.9999788
0.9957468
0.99998546
0.9988977
0.99999785
0.99999917
0.99999845
0.9999994
0.99977416
0.9999708
0.99999416
0.9998362
0.9999925
0.9999982
0.99999475
0.9960283
0.9999492
0.9875145
0.9999974
0.999984
0.9999714
0.99994874
0.9999932
0.9999926
0.9983234
0.99993813
0.9997495
0.96933997
0.999998
0.99999785
0.9999925
0.9991716
0.9350839
0.999895
0.9565027
0.99999154
0.99998057
0.9999547
0.99994993
0.9999821
0.9998441
0.99989796
0.9999285
0.9998286
0.99997425
0.9999974
0.9997019
0.99999654
0.9978854
0.99999154
0.99999535
0.99961996
0.9999993
0.99998796
0.9999957
0.9975738
0.9999858
0.9999974
0.9998964
0.99998844
0.9983846
0.9998209
0.99961627
0.996798
0.9999714
0.99980134
0.99998343
0.9999386
0.99993265
0.9989716
0.99996245
0.99945396
0.9999987
0.9999795
0.087807074
0.997482
0.97632504
0.99972516
0.9998677
0.9999578
0.99999857
0.99999595
0.99975306
0.9999987
0.9951568
0.9999958
0.9999937
0.9999614
0.9930754
0.9999186
0.99998796
0.9999963
0.9999676
0.99999905
0.99986684
0.99995255
0.9994648
0.9998809
0.99998677
0.99980193
0.99985576
0.9999993
0.9996057
0.9999138
0.9999658
0.99941075
0.99985456
0.999605
0.9995371
0.9999945
0.99997425
0.99999833
0.9999827
0.99996257
0.9992331
0.999972
0.99997497
0.9992729
0.99711704
0.99999726
0.9999685
0.999995
0.9999893
0.99917966
0.9999981
0.99998116
0.99999666
0.9984889
0.9999945
0.99999475
0.99991345
0.99998915
0.99999857
0.9999894
0.99996805
0.9990263
0.9998932
0.9999075
0.9999784
0.9997789
0.9999609
0.9921726
0.9999974
0.99998546
0.99998116
0.9999734
0.9992743
0.9997156
0.99999475
0.99944216
0.99994385
0.9998795
0.99999154
0.9999995
0.99999905
0.9996433
0.9999981
0.9999293
0.99999714
0.99996936
0.9919252
0.9996642
0.999998
0.9991049
0.9999844
0.9999814
0.9999876
0.9983121
0.9999945
0.9996327
0.9999949
0.26569927
0.99862623
0.99922574
0.99995697
0.99997497
0.9994796
0.9999912
0.999982
0.9997886
0.9986344
0.9999523
0.9999975
0.9999993
0.9999758
0.99863416
0.9999229
0.9999492
0.99785787
0.9999862
0.9997198
0.9999529
0.9999993
0.9999546
0.9999976
0.99999714
0.9975668
0.9999411
0.99954
0.9999788
0.9999993
0.99670887
0.99972564
0.9999944
0.9999969
0.99993587
0.9999988
0.9998234
0.99997056
0.99961156
0.9999969
0.9999337
0.9999814
0.9964939
0.9999951
0.9999528
0.99999225
0.99999034
0.99996114
0.99999225
0.9999577
0.95502824
0.99998486
0.99998224
0.9999931
0.9996456
0.9999945
0.9999987
0.99947673
0.99999416
0.999997
0.99999344
0.9999311
0.9998716
0.9999844
0.99983084
0.9999825
0.99998796
0.99848276
0.9994235
0.9976412
0.99950004
0.99999034
0.9999943
0.9958502
0.99990344
0.9896347
0.99999845
0.99998784
0.99929774
0.9997578
0.99999475
0.99952686
0.99850816
0.99999654
0.9999958
0.99984527
0.99906296
0.9999913
0.99998975
0.9993179
0.999186
0.9997775
0.9999335
0.9993881
0.9994301
0.99998415
0.9999989
0.99996054
0.9997533
0.99998784
0.9999951
0.9999696
0.99998343
0.9999819
0.99982136
0.99997175
0.9999852
0.9999641
0.9999347
0.99999714
0.9923379
0.9999846
0.99998486
0.99993944
0.9790526
0.99997926
0.99999297
0.99999416
0.9999994
0.999979
0.99999523
0.9999976
0.9998479
0.96751815
0.99999034
0.9999479
0.99978286
0.999992
0.9998253
0.9977126
0.99547935
0.99934226
0.9999957
0.99999464
0.9965364
0.98818344
0.99999785
0.9993794
0.9976987
0.9999672
0.99998677
0.99995327
0.9997379
0.99997985
0.9999404
0.9993856
0.99999654
0.99999166
0.99999917
0.99996626
0.9999974
0.99991286
0.9999976
0.99972135
0.9999827
0.9999994
0.999982
0.9999293
0.99955136
0.99979204
0.99999905
0.9999926
0.9969708
0.9999708
0.9999987
0.99999595
0.99935955
0.99993193
0.9965491
0.99999833
0.99997485
0.99998736
0.9999949
0.9999511
0.9999908
0.99999475
0.99903226
0.9992322
0.9990152
0.99994147
0.99995506
0.9997824
0.98348
0.99954945
0.9998141
0.9997731
0.9978604
0.99996364
0.9980411
0.9975332
0.99996746
0.9999982
0.9999701
0.9999963
0.99999
0.99997807
0.9992125
0.99999106
0.9994578
0.99997437
0.99993694
0.99999666
0.99995697
0.99999917
0.99999523
0.99952066
0.99993324
0.99580705
0.99992764
0.99792826
0.99999654
0.99999666
0.999705
0.99840957
0.99999547
0.9985505
0.9958902
0.9999629
0.9999199
0.9973556
0.9987752
0.99998105
0.9999889
0.9802064
0.9999919
0.99999726
0.9999838
0.99985456
0.99993443
0.9999919
0.98128843
0.99999714
0.99994934
0.9990163
0.99673754
0.9997198
0.9974087
0.9997527
0.99998784
0.8644726
0.9999938
0.9999819
0.9998233
0.99993646
0.99998724
0.99990475
0.99963975
0.9999695
0.9999968
0.9999988
0.995635
0.9995658
0.99988174
0.99995875
0.9999734
0.99992764
0.9999906
0.9995467
0.99999666
0.99999785
0.9984701
0.99999726
0.9998648
0.99945956
0.9963574
0.9995154
0.99997866
0.9999739
0.9999957
0.98244345
0.9926536
0.9999325
0.99999595
0.99989307
0.99999833
0.9545102
0.9953761
0.9996586
0.99999046
0.9999987
0.40623543
0.99997544
0.99999166
0.9999871
0.9999882
0.9995433
0.9999944
0.9999944
0.9999932
0.99998283
0.9996768
0.9999987
0.99962246
0.9999739
0.9999975
0.99996185
0.9988732
0.99998844
0.9999937
0.99999356
0.9994804
0.99999285
0.9997222
0.9999665
0.99997914
0.99989486
0.99718493
0.99974483
0.99999785
0.9985985
0.99998784
0.9998907
0.9999845
0.999992
0.9999944
0.9997446
0.9999926
0.99981946
0.9999553
0.99999654
0.99067277
0.9999869
0.99995756
0.9933316
0.9999994
0.99998987
0.99999034
0.99841034
0.20739765
0.99999404
0.99981755
0.9996513
0.99999976
0.99994993
0.99993765
0.9999862
0.999977
0.99997807
0.99990463
0.99999726
0.99995553
0.99994266
0.99991715
0.9998838
0.9999647
0.9750542
0.9982449
0.9999963
0.9999883
0.9999962
0.99999607
0.99999285
0.9996625
0.9999906
0.99999094
0.9999038
0.999998
0.9999857
0.99999774
0.9999814
0.99999034
0.9998944
0.99973124
0.9997416
0.99999464
0.9999981
0.9999943
0.9999994
0.99993575
0.99999917
0.77613205
0.9998605
0.999998
0.99998677
0.9824386
0.9999956
0.99614316
0.9975666
0.99999166
0.99997354
0.99997365
0.98883176
0.9994905
0.99995434
0.99999154
0.9979121
0.9988996
0.99981636
0.9999944
0.9999771
0.99999404
0.99988484
0.99964714
0.99998677
0.99984336
0.9999014
0.99996364
0.9962399
0.9999989
0.9999368
0.99994326
0.99998105
0.997829
0.9999926
0.99999595
0.9999932
0.9998951
0.9997714
0.99972504
0.99992394
0.9999826
0.9999981
0.99997056
0.999997
0.9999968
0.9999658
0.99998295
0.9997731
0.9999894
0.9999653
0.99999976
0.99996924
0.99993265
0.99996305
0.9999938
0.9994369
0.9999032
0.99999523
0.99979967
0.99993205
0.9999882
0.99997914
0.9999914
0.999724
0.9999913
0.99999905
0.9996239
0.9999846
0.9999925
0.9919442
0.99965084
0.99980634
0.9999951
0.9999716
0.999979
0.9998006
0.9998455
0.99999976
0.99994755
0.9995634
0.9999913
0.9995005
0.997334
0.9932255
0.9992731
0.99996936
0.9999788
0.9808719
0.9996629
0.99983597
0.99999213
0.99973243
0.9999945
0.99858874
0.9825665
0.9999995
0.9999969
0.9999987
0.99998116
0.9999299
0.99998176
0.99999523
0.99811506
0.9952793
0.9999057
0.9998031
0.96792233
0.9999951
0.9999826
0.99978584
0.9999943
0.9999937
0.9999939
0.99990416
0.9994326
0.99990344
0.9980228
0.99999607
0.9998785
0.99988496
0.9999995
0.98978627
0.9999889
0.99999416
0.99989104
0.9999678
0.9999962
0.999998
0.99982446
0.9997212
0.99999154
0.9999987
0.99999475
0.9039025
0.99999726
0.99979204
0.9998683
0.9963468
0.99999714
0.9998816
0.9997969
0.9997414
0.9999268
0.9914587
0.9967795
0.999972
0.9996917
0.9999664
0.9983022
0.9764445
0.99593425
0.99994147
0.99963844
0.9124645
0.96483094
0.99981517
0.9999944
0.9999944
0.9999949
0.9998473
0.9999932
0.999987
0.9999448
0.9999968
0.9999906
0.9999814
0.99999857
0.99999774
0.9999746
0.9999989
0.999936
0.99999
0.9973181
0.999995
0.9999875
0.99999595
0.99998534
0.9999447
0.99999106
0.9999379
0.9999796
0.98604333
0.999997
0.9984232
0.99999607
0.99812
0.9999759
0.99982136
0.99996626
0.99998236
0.9999529
0.99992466
0.9999546
0.9899742
0.9999938
0.99942833
0.999995
0.99804914
0.99984574
0.9997459
0.99956626
0.999992
0.99998295
0.9999912
0.99862254
0.99996424
0.9999989
0.9999347
0.99998915
0.99999774
0.9998672
0.99999726
0.9998184
0.9999734
0.99996996
0.9999839
0.9999292
0.9999988
0.9999893
0.9996393
0.99997795
0.99979776
0.9999963
0.9999969
0.9999515
0.99999106
0.9999975
0.99972004
0.99999845
0.99999595
0.99877363
0.9999989
0.99898535
0.99998975
0.98045564
0.99990547
0.99996734
0.9999951
0.99967635
0.9999943
0.999995
0.999185
0.99965465
0.99997365
0.99983597
0.9999758
0.9998518
0.999998
0.9999975
0.9999745
0.9999982
0.9999981
0.99995625
0.9998518
0.999995
0.9999614
0.9999864
0.9999801
0.9999312
0.99892837
0.9999751
0.9997242
0.9998105
0.99998415
0.9999751
0.9999193
0.9998473
0.9999838
0.9999776
0.99997556
0.9999957
0.99932146
0.9999645
0.9999902
0.99935657
0.99997723
0.99979407
0.99981564
0.9999819
0.99997354
0.9999871
0.9993616
0.999778
0.9942174
0.9999951
0.9999939
0.9984553
0.9999701
0.9999751
0.9999994
0.99999523
0.9999862
0.99999845
0.9999987
0.99999774
0.9999491
0.99888986
0.99746704
0.9996152
0.99993765
0.96576613
0.99999034
0.9995603
0.99389666
0.99389344
0.9999392
0.99999475
0.99987125
0.9999765
0.99996257
0.9999685
0.99956006
0.99992704
0.9999895
0.9999969
0.99980706
0.9999944
0.9992938
0.9915255
0.9989536
0.99999034
0.9987281
0.99999905
0.9997247
0.9996687
0.9999914
0.99999475
0.9998336
0.9999696
0.9942205
0.99999714
0.9999968
0.99998784
0.9993771
0.9999932
0.99993527
0.999967
0.9996074
0.9874735
0.99986637
0.99966586
0.9999801
0.9999975
0.9999932
0.99999666
0.99947995
0.9995511
0.99991894
0.66394746
0.9999683
0.9998436
0.99959654
0.99999857
0.9999914
0.99999654
0.9999957
0.99999917
0.99999607
0.9999933
0.99999595
0.9999893
0.99996233
0.99653184
0.9999893
0.9999664
0.99994254
0.9999993
0.9999602
0.9999547
0.9999064
0.9993543
0.9999355
0.9999901
0.9999392
0.99997985
0.99999356
0.99999094
0.9999852
0.9989806
0.99945813
0.999808
0.99998975
0.99967635
0.9999987
0.98498625
0.9992995
0.9999981
0.99999857
0.99812275
0.99999833
0.9999932
0.98717463
0.97855055
0.99998903
0.9999609
0.9999927
0.9999237
0.99999166
0.99999094
0.99997246
0.9999715
0.9999964
0.99996674
0.9990571
0.99995923
0.9996867
0.999995
0.99982005
0.9988716
0.9999778
0.9999821
0.99993765
0.9999993
0.9999987
0.9999993
0.9999907
0.99999976
0.99998057
0.99997854
0.9994456
0.9999753
0.9975504
0.99999845
0.9999906
0.9999974
0.99887854
0.9994061
0.9948649
0.99525356
0.99998796
0.99998045
0.99997306
0.9994659
0.9999969
0.99982053
0.99259394
0.9999943
0.999509
0.99987483
0.99736017
0.99999547
0.99957806
0.07618755
0.9998883
0.9790141
0.9994174
0.9999771
0.9998272
0.9999757
0.9999217
0.99999905
0.9995425
0.99871266
0.9998252
0.9999274
0.99998546
0.99990916
0.9865566
0.9999962
0.9995639
0.999485
0.9998869
0.9995129
0.9999962
0.99985206
0.9987847
0.9998647
0.9998987
0.99983644
0.9990074
0.9998165
0.9991867
0.9837249
0.9996506
0.9993747
0.9998068
0.9861144
0.9872989
0.9999958
0.9998605
0.98385066
0.99987304
0.9982461
0.9982734
0.99999344
0.9996711
0.99660975
0.99990356
0.9999893
0.9999721
0.9998429
0.9999987
0.99997723
0.99927634
0.9997819
0.9999944
0.99999833
0.9999988
0.9999901
0.99999344
0.99985075
0.9999665
0.9999434
0.9999869
0.99961394
0.98301893
0.9998166
0.99996257
0.99999905
0.9999932
0.99987197
0.9999931
0.99929297
0.9999981
0.99997485
0.99913234
0.9999988
0.9999089
0.99996924
0.9995573
0.9942979
0.99999285
0.9978447
0.9997919
0.9998714
0.999998
0.9999691
0.9861298
0.99998176
0.99997914
0.99980587
0.999998
0.99985135
0.9998128
0.99999726
0.9999974
0.9990945
0.9999629
0.9999491
0.99999046
0.99908173
0.99088824
0.9995284
0.9991073
0.9997191
0.999997
0.998754
0.9999521
0.9999852
0.9999796
0.99997723
0.99998
0.99917054
0.99947315
0.99995863
0.99999654
0.99993706
0.9999826
0.9999987
0.99998546
0.9997917
0.99998415
0.999977
0.99861646
0.99940956
0.9999901
0.99990904
0.999433
0.99999356
0.9956262
0.99998903
0.9997577
0.99996424
0.9999169
0.99999535
0.9999964
0.99999523
0.99787223
0.9999994
0.9998648
0.9996296
0.9990381
0.9991935
0.9999318
0.949097
0.9981419
0.99997365
0.9999993
0.9999987
0.9992299
0.9885993
0.99972004
0.99999833
0.99994946
0.9999609
0.999998
0.99998605
0.99996305
0.9999975
0.99959797
0.97029626
0.99999845
0.99834776
0.99997973
0.99987376
0.99999
0.9999913
0.99996305
0.9985771
0.9999732
0.99958855
0.9999832
0.99999416
0.9999182
0.99944204
0.9999472
0.9999949
0.9998894
0.99999285
0.9999932
0.9999901
0.9993469
0.9937143
0.9994867
0.9999466
0.99997735
0.97674304
0.99995244
0.99998796
0.99985087
0.9960757
0.99643266
0.9997756
0.99999607
0.9999887
0.99998593
0.99999654
0.9999114
0.9999945
0.99982375
0.9999676
0.99997723
0.99985313
0.9999877
0.9999651
0.999992
0.9999827
0.99952626
0.9885399
0.999972
0.9999665
0.9999864
0.99999905
0.9999989
0.9999956
0.9999325
0.9999366
0.9972445
0.9950258
0.99982077
0.99823713
0.9996983
0.99998903
0.9999881
0.99998915
0.9999795
0.9998252
0.99990046
0.99996114
0.9999628
0.9999682
0.99999404
0.9999542
0.99998474
0.9999081
0.9996394
0.99986434
0.9999671
0.99971515
0.9998672
0.99983513
0.99999726
0.9998871
0.99876946
0.9999933
0.99999654
0.99969864
0.99998724
0.9996761
0.99991524
0.9999542
0.9999546
0.999841
0.9999982
0.9884213
0.99992096
0.99996054
0.99932027
0.9980312
0.99886644
0.999795
0.99990237
0.9948474
0.99998546
0.99509
0.99825376
0.9999825
0.99998975
0.9385763
0.99967074
0.9999658
0.999972
0.9999589
0.9999851
0.9939774
0.99996686
0.9974751
0.9984933
0.99680173
0.99990356
0.99983037
0.9999876
0.99994516
0.9999851
0.9999603
0.99956864
0.99871695
0.9999993
0.9999943
0.9999684
0.99997437
0.999984
0.9986204
0.9998821
0.99231976
0.9974235
0.99994826
0.99677867
0.9999442
0.9999825
0.999987
0.9896417
0.9999572
0.99998546
0.9999223
0.9999076
0.9999974
0.9957426
0.99989617
0.9957295
0.99974614
0.9970283
0.9999062
0.9999919
0.9999902
0.9999794
0.9999256
0.9999776
0.9998617
0.99997985
0.99999833
0.99999714
0.9996382
0.99999416
0.99999774
0.9998771
0.99999785
0.9999939
0.99508035
0.9999958
0.99960345
0.99904746
0.9978052
0.9999975
0.9989355
0.99999964
0.12967788
0.99999845
0.9999994
0.99826837
0.9998392
0.99960536
0.9997017
0.99786276
0.9999875
0.99982965
0.99999845
0.999699
0.99999404
0.9998375
0.9937336
0.99998665
0.9994429
0.9832001
0.99996734
0.9987534
0.9999926
0.9989969
0.9999913
0.98663795
0.9995876
0.999887
0.9999974
0.90435755
0.999959
0.999181
0.9999373
0.9998235
0.9999819
0.99997735
0.99987733
0.9999951
0.99993765
0.9999554
0.9999974
0.99937624
0.9999877
0.9999602
0.9999943
0.99998474
0.99995863
0.99996686
0.99886984
0.9999634
0.99962664
0.9999893
0.9999894
0.8161968
0.9996872
0.99996674
0.99995434
0.99994385
0.99998295
0.99992657
0.99999285
0.14397468
0.9998869
0.9979646
0.99998033
0.99998915
0.99999607
0.9999658
0.9999087
0.9999927
0.99979454
0.99998784
0.9999918
0.99998224
0.99991953
0.9999964
0.9999931
0.9992908
0.9816352
0.9999969
0.9981634
0.99999404
0.999966
0.9999871
0.999997
0.9958473
0.9999901
0.999902
0.999918
0.99999774
0.99999666
0.9999888
0.99994266
0.99853015
0.9999548
0.99995756
0.99985635
0.99999464
0.99997973
0.9999472
0.9997198
0.99999416
0.99995923
0.9998605
0.9985079
0.9998809
0.9993612
0.9999994
0.99999547
0.99996245
0.99999905
0.9998548
0.99986875
0.99993336
0.9999988
0.99999833
0.9999907
0.9999926
0.99999595
0.9999927
0.9999969
0.9999993
0.9999341
0.9999926
0.9897545
0.99999917
0.9999896
0.9999964
0.99998784
0.9997054
0.999423
0.9999701
0.99990475
0.9998553
0.99995947
0.999998
0.9997452
0.999856
0.99997616
0.9999795
0.9997764
0.99990666
0.9999882
0.9999951
0.9941316
0.9997435
0.99646133
0.9998716
0.9999969
0.99878424
0.99918836
0.99999845
0.9999887
0.99995875
0.999925
0.99736744
0.99988973
0.9917596
0.9998523
0.9997749
0.9994259
0.9999546
0.99999166
0.99719787
0.9999752
0.9997664
0.99997413
0.9999944
0.9999474
0.9998659
0.9968784
0.99996865
0.99969935
0.9999676
0.99221605
0.99901557
0.9999981
0.99974436
0.99769175
0.99996257
0.99997866
0.99767417
0.99914587
0.9999969
0.9999889
0.99996984
0.9981943
0.9999956
0.9972638
0.9999862
0.99996305
0.9999622
0.99995637
0.9979767
0.9998884
0.99929285
0.99998546
0.99999785
0.9990575
0.9999938
0.9999007
0.99981636
0.9421972
0.9999825
0.99856704
0.9996911
0.9971867
0.998892
0.98390454
0.9999925
0.99998987
0.9999994
0.9998841
0.9998276
0.9999858
0.99998415
0.9999342
0.99999857
0.99969435
0.99997973
0.9997142
0.99997437
0.9999945
0.99732745
0.99996257
0.99071854
0.99998415
0.99999535
0.999987
0.9999974
0.9999769
0.99999297
0.99957114
0.99998045
0.9927893
0.99999857
0.99993074
0.999995
0.99999833
0.9995597
0.99942183
0.99980134
0.98984104
0.99999654
0.99991834
0.99999964
0.99924505
0.99998736
0.9999769
0.9999962
0.99998486
0.99998593
0.9995271
0.9999887
0.9999937
0.98328775
0.9999956
0.9999958
0.99999857
0.99991226
0.9999745
0.999244
0.9999906
0.9996772
0.99941814
0.99996674
0.99999
0.9999528
0.999998
0.9999976
0.99220407
0.99999905
0.9996511
0.9999747
0.99686337
0.99915826
0.997886
0.9999082
0.99317074
0.9979657
0.9998952
0.9999908
0.98979354
0.9999654
0.98799044
0.9998611
0.99993694
0.9999771
0.99997413
0.99666256
0.99989426
0.99954444
0.99999595
0.9999857
0.99566466
0.9995345
0.9999764
0.9990441
0.9999794
0.9999578
0.9999993
0.9840948
0.99999726
0.9965365
0.9999738
0.9998474
0.9980003
0.99999535
0.9999715
0.9999888
0.9999958
0.9998876
0.99952626
0.9836348
0.99944943
0.9999989
0.999931
0.9998299
0.9999838
0.99999154
0.9998123
0.9999509
0.99999344
0.99986494
0.9999194
0.99997973
0.99982387
0.9995158
0.9999665
0.9999937
0.99986184
0.9999831
0.9998155
0.9998294
0.9980768
0.9999993
0.9999951
0.9165652
0.9833208
0.99998665
0.99948287
0.9997451
0.99786574
0.99962914
0.9953935
0.9988605
0.9999976
0.9998578
0.9999056
0.9954613
0.99999297
0.9999987
0.9999907
0.99991775
0.99999833
0.9999944
0.9179995
0.9579026
0.99999595
0.99787736
0.99985826
0.9998629
0.9999975
0.9999871
0.999998
0.998855
0.99806625
0.9999958
0.9976574
0.99957174
0.9999864
0.001105653
0.99999356
0.99993503
0.9999926
0.9997708
0.99996114
0.9999628
0.99992824
0.98886734
0.9999763
0.99999225
0.999749
0.9998386
0.9999902
0.99546546
0.99974805
0.99989355
0.9999968
0.99994445
0.99999905
0.9992385
0.9998883
0.9999945
0.9968747
0.999943
0.99993896
0.9989858
0.999998
0.9999956
0.9999839
0.9998778
0.9992723
0.99944717
0.99997914
0.9992393
0.9999939
0.9999975
0.9986407
0.9995443
0.999998
0.9999912
0.9999392
0.9995296
0.99999523
0.9999958
0.99995494
0.9999584
0.9986083
0.99686134
0.99995947
0.99999785
0.9999714
0.99990225
0.9913446
0.9999049
0.92312354
0.9999988
0.9999777
0.9999641
0.9988527
0.99858403
0.99999774
0.08503347
0.9997557
0.9945933
0.9999788
0.99994016
0.9999944
0.999602
0.9999889
0.99992967
0.99958557
0.999992
0.9999988
0.9998852
0.9999714
0.9965138
0.999884
0.99984014
0.99998
0.99997103
0.99929774
0.9999968
0.9999931
0.9998932
0.9998362
0.99893576
0.999998
0.9989778
0.9999964
0.9841918
0.9999963
0.9999199
0.9999894
0.99999464
0.99961567
0.9999987
0.99998415
0.9999956
0.9999988
0.9944765
0.9898509
0.9713496
0.99853647
0.99999523
0.9999733
0.9999815
0.99830663
0.99998486
0.999315
0.9994355
0.99994826
0.9991516
0.99999547
0.9998117
0.9997055
0.99986494
0.99986124
0.9999831
0.9999747
0.99999833
0.99998784
0.99747866
0.9999995
0.9999924
0.9999212
0.99992967
0.9998247
0.99986327
0.9998103
0.9999976
0.9999833
0.9999807
0.9999987
0.99999416
0.9999994
0.9999763
0.9998338
0.9985821
0.99941397
0.99999905
0.9999981
0.99779487
0.9999107
0.9999367
0.99997294
0.99989974
0.99990344
0.99999535
0.99928135
0.9999888
0.99997103
0.99999094
0.99997234
0.9999825
0.99999404
0.99997294
0.9999795
0.999943
0.9802019
0.9974558
0.9999527
0.9999776
0.99987745
0.99987173
0.9998858
0.9999522
0.9999987
0.99990535
0.9999585
0.99984455
0.9999751
0.99921846
0.98384225
0.9999939
0.9999639
0.9999902
0.99995553
0.9998983
0.9989477
0.99996305
0.99996305
0.9999784
0.99999905
0.999997
0.99992764
0.999534
0.99909246
0.99987125
0.9999858
0.9997583
0.99997103
0.9984719
0.99999857
0.9986945
0.999995
0.99999475
0.99963164
0.9999763
0.9992305
0.99999547
0.9998702
0.9999987
0.9999945
0.9997894
0.9999982
0.9400252
0.9999267
0.99999917
0.99999845
0.9999788
0.9998963
0.9999813
0.9930147
0.99999
0.99991095
0.9999701
0.99998474
0.99309844
0.9996629
0.99999464
0.984063
0.99999774
0.9999974
0.9999709
0.9999124
0.9999546
0.9960646
0.9999827
0.97750443
0.99999666
0.99961144
0.9976985
0.9999958
0.99183965
0.99919873
0.99999785
0.9999871
0.9990545
0.9999211
0.9999777
0.99999845
0.99998915
0.99997544
0.9999447
0.99999845
0.9999895
0.9999064
0.9999597
0.9999976
0.9999939
0.9955823
0.99998593
0.9993643
0.9999826
0.9999813
0.9999927
0.99998105
0.99998343
0.9999901
0.99972206
0.99963796
0.9826902
0.99999905
0.981462
0.9999832
0.99998736
0.9685893
0.9998599
0.9999863
0.99832577
0.9999664
0.99998415
0.9997545
0.9999945
0.99999034
0.99963367
0.99987066
0.9999752
0.9995771
0.994395
0.9999497
0.9999815
0.99998176
0.9999974
0.99998295
0.99996793
0.99999785
0.999944
0.9999962
0.9999857
0.9999411
0.9999989
0.99998415
0.9999851
0.9995796
0.9999813
0.979439
0.9999927
0.99998677
0.89989567
0.99397224
0.99980897
0.99996257
0.9999838
0.99998283
0.99975425
0.9999517
0.9893457
0.9999708
0.99999297
0.9999902
0.99999785
0.9999815
0.9999628
0.9999981
0.99992204
0.8420796
0.9999988
0.99932766
0.9999956
0.9999907
0.99997234
0.9997094
0.9999757
0.9999608
0.9999763
0.99995315
0.98142827
0.99999857
0.99999034
0.99998736
0.9999924
0.99990726
0.99999166
0.9998964
0.9999951
0.999995
0.9999573
0.9994816
0.999998
0.9998896
0.9999634
0.9999945
0.9999789
0.99999845
0.9999926
0.9987224
0.9999317
0.99999595
0.99999094
0.99835604
0.9999949
0.9997638
0.9946794
0.9999788
0.9983901
0.99991786
0.9999981
0.9999641
0.99915206
0.99998105
0.9999747
0.99994946
0.9998272
0.9981255
0.99997973
0.9999957
0.99908924
0.99998224
0.9999896
0.9999647
0.9998361
0.9999783
0.99409664
0.99994993
0.9999646
0.999887
0.9896784
0.9992078
0.99996877
0.9999887
0.9999926
0.99996495
0.9998349
0.9999943
0.99998546
0.99956733
0.999828
0.9830667
0.9999919
0.99994314
0.9997584
0.43291444
0.9999647
0.9999989
0.99999607
0.9999964
0.99999595
0.999526
0.9999962
0.9992341
0.9990735
0.9969842
0.99999666
0.99940133
0.998589
0.9985909
0.99998987
0.9999871
0.9999366
0.9999517
0.99208164
0.99968815
0.99998343
0.99999917
0.9999496
0.99973863
0.99995697
0.9999373
0.99996364
0.9999833
0.9997309
0.99996316
0.9999956
0.99999857
0.99999917
0.9625372
0.99852103
0.99995935
0.99986076
0.99998426
0.9998313
0.999987
0.99146503
0.9999919
0.99999547
0.99997616
0.9999355
0.9999398
0.031385805
0.17796057
0.99989367
0.9999604
0.9999981
0.99996567
0.9999819
0.9999232
0.9999716
0.9999789
0.9925296
0.9999893
0.999997
0.9999864
0.99421716
0.99506265
0.9999906
0.9999968
0.99997544
0.999858
0.9998586
0.9999969
0.9999112
0.9999604
0.999948
0.9999589
0.99978036
0.9999876
0.9999944
0.99997556
0.9999484
0.9999856
0.99960464
0.9999862
0.99999774
0.9999703
0.99977833
0.99962926
0.9999796
0.9994684
0.9999778
0.99981946
0.999997
0.97501934
0.9999951
0.9951794
0.9999504
0.9999957
0.9863664
0.9999627
0.99999714
0.9993687
0.999998
0.9999511
0.99996865
0.99994135
0.99999535
0.9999993
0.9999906
0.99991906
0.9934337
0.999997
0.9999958
0.9999119
0.99998736
0.9978041
0.99999523
0.9943738
0.99996483
0.9999924
0.99985576
0.99987984
0.9999641
0.99859923
0.9999722
0.99701416
0.9922402
0.99999034
0.99971503
0.9999583
0.9999987
0.9996172
0.9997726
0.9999894
0.99920243
0.99993706
0.99999607
0.9995671
0.9999981
0.9999913
0.9999975
0.99999475
0.9998355
0.9978193
0.99999464
0.99997187
0.99999297
0.9999708
0.99999785
0.9909395
0.9834346
0.9999995
0.999997
0.9999988
0.9999975
0.9981325
0.99968076
0.9999894
0.99878794
0.9998049
0.99999297
0.9999366
0.99981123
0.9999912
0.9996456
0.9999949
0.999984
0.9999957
0.9999987
0.9998667
0.9999943
0.9999914
0.99976367
0.99999785
0.99975735
0.9989617
0.9999751
0.9999757
0.99998486
0.9982937
0.99990666
0.9958983
0.9999801
0.99597186
0.99727255
0.99774146
0.99997115
0.999987
0.9986841
0.9975345
0.99999404
0.9998375
0.9999968
0.9993005
0.99985826
0.9999838
0.97735673
0.99963224
0.99971265
0.9996669
0.9999796
0.99999416
0.999979
0.9993794
0.9992761
0.99994755
0.99547726
0.9999627
0.999998
0.99999917
0.9978922
0.9989882
0.9999893
0.99994564
0.9998945
0.9999075
0.9999795
0.999995
0.9998939
0.9965874
0.99902844
0.9999945
0.9999114
0.9999933
0.9996327
0.9997446
0.99999833
0.9999776
0.9999927
0.99999666
0.996128
0.99998736
0.9999987
0.99945706
0.9998708
0.9770761
0.9962949
0.9969907
0.99999726
0.9999702
0.9996146
0.9998574
0.99999595
0.99997914
0.9999825
0.9998275
0.99999416
0.9999982
0.9999883
0.99999166
0.9999945
0.9999845
0.9999932
0.99997306
0.99536765
0.9999937
0.99998605
0.99998593
0.9999919
0.9999913
0.99992275
0.9999951
0.9881527
0.9999995
0.9998252
0.9761574
0.99716336
0.99996436
0.9999902
0.999998
0.9997874
0.9999963
0.9966192
0.99704486
0.9998977
0.9991955
0.99984837
0.99999475
0.9999949
0.999946
0.99992394
0.9999813
0.9980775
0.9769388
0.99999213
0.9999559
0.99981266
0.9741964
0.9999951
0.9999871
0.99932003
0.9999784
0.9999896
0.9997156
0.9999893
0.999982
0.99998796
0.999977
0.9999428
0.9999721
0.9999926
0.99980897
0.99997747
0.9999844
0.9864655
0.99986887
0.9999976
0.99997544
0.9999963
0.99999845
0.9999981
0.9999529
0.99997663
0.94326895
0.9999832
0.99985445
0.99999654
0.99997485
0.99999166
0.99997723
0.999811
0.9999939
0.9999994
0.9994254
0.99999106
0.9999639
0.9994708
0.9980299
0.99995327
0.99999523
0.99998176
0.99970204
0.99999774
0.99996984
0.99998176
0.9999597
0.99982136
0.99980015
0.99999833
0.9874033
0.9997651
0.999964
0.99999905
0.9999088
0.9999505
0.99999785
0.99990547
0.99669963
0.98816186
0.99999785
0.9920878
0.9998733
0.99996734
0.9997266
0.9975229
0.99999404
0.9999974
0.9999882
0.99925214
0.99960226
0.9999995
0.99950886
0.9998919
0.9999926
0.9999925
0.999964
0.99988866
0.99272925
0.99999416
0.9998084
0.99998116
0.99994373
0.99999833
0.99998915
0.9999958
0.9999994
0.9977729
0.9999982
0.9999453
0.9866889
0.9999951
0.9999609
0.999984
0.99947315
0.99986196
0.9999622
0.99998724
0.99999654
0.99995494
0.9999933
0.99997544
0.99950147
0.9994936
0.9999962
0.9999846
0.9997979
0.9999201
0.9999865
0.9999933
0.95911396
0.99999464
0.9999676
0.9951369
0.999913
0.9957302
0.99999785
0.99999285
0.9982089
0.9999989
0.9995221
0.99994385
0.99995255
0.999997
0.9999857
0.99998915
0.53883976
0.9999597
0.9999926
0.9999993
0.9999918
0.9999968
0.99999654
0.99961334
0.99664825
0.99997616
0.99855286
0.9998265
0.9999894
0.9994636
0.99977666
0.9999889
0.94691485
0.99998677
0.99786025
0.9999362
0.9996445
0.9997917
0.9996779
0.9999938
0.9999846
0.9999677
0.9999981
0.9929971
0.9999932
0.9998672
0.99999666
0.9734658
0.9999956
0.9999969
0.9999548
0.9999989
0.9999907
0.99716765
0.9980901
0.8624554
0.9999846
0.99996185
0.9994299
0.85941356
0.9997055
0.9999889
0.99997413
0.9747467
0.9999685
0.9999819
0.99904865
0.99935704
0.9998832
0.9999926
0.9999919
0.9999807
0.999954
0.99999285
0.9999958
0.99996436
0.9996351
0.99856323
0.9987759
0.9996001
0.9997234
0.9999485
0.99996114
0.9990889
0.99999285
0.99522555
0.99897385
0.99980265
0.99999654
0.99993634
0.9999156
0.9998903
0.99995804
0.9975076
0.9999374
0.9915869
0.998708
0.99996674
0.99973685
0.9999932
0.9982191
0.9999939
0.9990965
0.9999963
0.99999905
0.99999464
0.99977034
0.9999932
0.9922645
0.99262047
0.9999887
0.9999995
0.99999845
0.9999523
0.9999269
0.99984646
0.9694606
0.9999608
0.9981352
0.99999
0.99995124
0.9998846
0.99861324
0.9999865
0.9999697
0.99999964
0.99999726
0.9999969
0.9999279
0.9999925
0.99912614
0.99995077
0.9997812
0.9986015
0.9989292
0.9999949
0.99917114
0.99955744
0.99787784
0.9997278
0.99999344
0.9996669
0.99999106
0.99995637
0.9999944
0.99999666
0.99886465
0.99995804
0.99868613
0.9999857
0.99999547
0.99999213
0.99993765
0.9999982
0.9999689
0.99998903
0.99999774
0.99208516
0.99988544
0.9999938
0.99999666
0.99960154
0.9999939
0.9979943
0.999997
0.9995714
0.99998033
0.9999708
0.99996424
0.9999919
0.9999049
0.99998975
0.9999558
0.9991725
0.9999887
0.99918884
0.9999907
0.9999987
0.9999926
0.9996525
0.9999957
0.99998355
0.9976494
0.9954106
0.99999607
0.99999416
0.99991417
0.99999785
0.9999963
0.9999615
0.99995923
0.99997354
0.9999956
0.9999691
0.99999833
0.9999627
0.9984786
0.999979
0.99902725
0.9999758
0.9998066
0.9999633
0.999943
0.9993771
0.9999716
0.9980819
0.9995421
0.99998736
0.9999666
0.9997029
0.999998
0.99981576
0.9999982
0.9999012
0.9999932
0.9999944
0.99972683
0.9997991
0.9581325
0.9998431
0.99999845
0.99999726
0.9976162
0.99818724
0.99999416
0.9992698
0.9999926
0.99962866
0.99998784
0.99994385
0.99999666
0.9998286
0.99999475
0.99999833
0.9999964
0.9998467
0.999876
0.9999628
0.9963744
0.9999988
0.9999944
0.9999865
0.9999759
0.99983525
0.9999887
0.99999857
0.99950385
0.9999707
0.9999926
0.9998357
0.9999958
0.9999939
0.99999654
0.9999807
0.9999765
0.9998909
0.9999981
0.9999285
0.99993324
0.9999957
0.99991286
0.9999566
0.9998536
0.99974364
0.9999927
0.9639505
0.9997857
0.9996847
0.99999154
0.9999927
0.9999682
0.999998
0.99998033
0.9998005
0.99996626
0.9999808
0.9999912
0.9999486
0.9999565
0.99999857
0.99997604
0.99994063
0.9982179
0.9998344
0.9999939
0.99999976
0.99991536
0.99997187
0.99824595
0.99990773
0.9999591
0.999984
0.999995
0.99999416
0.9999906
0.9999944
0.9999814
0.99998915
0.99988604
0.9999858
0.99999404
0.9999968
0.99997234
0.99997175
0.9998721
0.99995625
0.9936287
0.99999833
0.99999857
0.99996233
0.99999535
0.9999696
0.99998343
0.99998796
0.99918
0.9983668
0.99999726
0.993765
0.9998803
0.99996245
0.99999595
0.99953365
0.99888235
0.9999988
0.9997874
0.9999324
0.9997454
0.99767417
0.99983716
0.99998915
0.99999785
0.9999893
0.99751616
0.998672
0.9996916
0.9999951
0.9999962
0.99976474
0.9997063
0.99998987
0.99958307
0.99995434
0.9999536
0.99999917
0.99998343
0.9984145
0.99862623
0.99996054
0.99998546
0.99972934
0.99997973
0.9998901
0.99996674
0.9962464
0.999997
0.9999974
0.99996614
0.9998301
0.999997
0.9999708
0.9999752
0.99999464
0.99999833
0.9981122
0.9999759
0.9999703
0.9997042
0.99967206
0.99999654
0.99811363
0.9999689
0.99994576
0.99997103
0.9999944
0.9994097
0.99999833
0.9997255
0.9981641
0.99999905
0.99947923
0.99997246
0.99999046
0.9999887
0.99991155
0.9997787
0.9997726
0.9999993
0.99996483
0.9999927
0.9999778
0.99999475
0.9996567
0.99998
0.9994978
0.9999349
0.9998436
0.9999683
0.99965775
0.9999988
0.99443024
0.9895946
0.99998736
0.9987275
0.99904305
0.99997723
0.99999857
0.99992824
0.99999034
0.9997223
0.999998
0.9999896
0.9999893
0.9999012
0.99971026
0.99996424
0.99990714
0.9999964
0.99912745
0.9999168
0.99466854
0.9999908
0.99998665
0.99998915
0.9999887
0.9999969
0.9995498
0.99984336
0.99944633
0.99956816
0.9999944
0.9987174
0.9802004
0.99990463
0.99988365
0.9992343
0.99997365
0.999987
0.999997
0.99999523
0.9880143
0.9999422
0.999998
0.99997604
0.9999808
0.99999344
0.99985766
0.99835855
0.9936266
0.9999367
0.99996936
0.99999785
0.9999895
0.99999917
0.99999404
0.99997604
0.999995
0.9955729
0.999966
0.99999356
0.99999034
0.9912752
0.9999995
0.9998511
0.99992967
0.9999733
0.9999604
0.9998357
0.99998426
0.9999666
0.999874
0.9999807
0.9987582
0.9999542
0.9999871
0.99999726
0.99324703
0.9914944
0.99999905
0.9999944
0.9999393
0.9999261
0.99997926
0.99999917
0.9950813
0.99999595
0.99999154
0.99998856
0.9999974
0.9963726
0.9925373
0.99828655
0.99998593
0.9999926
0.99999964
0.99988496
0.9999888
0.99973863
0.998553
0.9999889
0.9948146
0.9936373
0.9985782
0.9999782
0.9999596
0.9999267
0.9999862
0.99998176
0.9999943
0.9999862
0.9999765
0.999634
0.99999857
0.99942017
0.9985185
0.9985228
0.9999951
0.99999654
0.9999553
0.9999975
0.9988181
0.9998254
0.9999654
0.9999733
0.9999943
0.99655837
0.9999852
0.99995875
0.9999924
0.99994457
0.9999205
0.9992132
0.9951953
0.9999789
0.9710509
0.9998981
0.9999963
0.9999443
0.9996433
0.9998944
0.99999535
0.999936
0.99946946
0.999686
0.9999703
0.9999771
0.9999888
0.9999262
0.99997807
0.98808634
0.9994642
0.9578242
0.99999094
0.99999166
0.9971227
0.9998603
0.9999988
0.9980861
0.9998611
0.9992902
0.9999956
0.9999893
0.99830353
0.99932146
0.999992
0.9998417
0.999998
0.99985135
0.9992453
0.9685707
0.99999535
0.9999969
0.99998295
0.99995923
0.999995
0.99998605
0.9999857
0.99944896
0.99999106
0.9992028
0.11196033
0.9992925
0.99998784
0.99943167
0.99999547
0.99998903
0.9999958
0.9999968
0.999969
0.99599934
0.9999616
0.99998486
0.99995196
0.9980842
0.9996464
0.9999918
0.99978536
0.99999607
0.9999981
0.99998605
0.999997
0.9999858
0.9999331
0.9999988
0.99998367
0.9999964
0.99999905
0.99998426
0.999982
0.99910223
0.9999411
0.99752885
0.9999746
0.99989307
0.99993837
0.9999862
0.999995
0.9926393
0.9999684
0.9723884
0.9999864
0.9999888
0.9998234
0.99968815
0.9922327
0.99026173
0.9999788
0.9997956
0.999476
0.9999982
0.9999957
0.999984
0.99999464
0.99999464
0.9998529
0.9971488
0.9999285
0.9999858
0.99976057
0.99998
0.9997173
0.9995074
0.9995184
0.9999703
0.9986181
0.99999845
0.999828
0.99959487
0.9990416
0.99997306
0.99998534
0.99998665
0.99995327
0.99999833
0.9844701
0.9999969
0.99993193
0.9999254
0.99999285
0.99903727
0.99998593
0.999941
0.9999851
0.99018425
0.99999785
0.9999962
0.99928147
0.9987136
0.99986804
0.9977977
0.99999857
0.9995759
0.99997604
0.9999603
0.9996846
0.7745938
0.9999957
0.9999471
0.99992776
0.99931383
0.99998605
0.99989784
0.999897
0.9999974
0.99923706
0.9929646
0.99334925
0.9999094
0.9999428
0.9998679
0.9999263
0.9999708
0.9999989
0.9883464
0.99998486
0.99999535
0.99872655
0.9999994
0.9999981
0.99996233
0.9811694
0.9960057
0.99996173
0.99996495
0.99803764
0.9999994
0.9979761
0.9999896
0.9999778
0.9998447
0.99910754
0.99995923
0.9952821
0.99998987
0.9999763
0.99998724
0.999997
0.99996114
0.9998987
0.9999819
0.99998975
0.99996567
0.99999917
0.99977607
0.9997013
0.9992925
0.9999943
0.99975234
0.99979395
0.9999454
0.99988663
0.9998109
0.99999356
0.97939414
0.9999496
0.9999471
0.9999682
0.9999665
0.99999
0.99999726
0.9999988
0.99999833
0.9999132
0.99971265
0.99998856
0.99999964
0.9995515
0.9954646
0.9997296
0.99999475
0.9999949
0.90375894
0.99999595
0.9999769
0.99990916
0.9999579
0.99999547
0.99984074
0.99997616
0.999998
0.99998355
0.9999839
0.9999809
0.99998176
0.9999852
0.9999764
0.99991035
0.9999994
0.9113209
0.999998
0.9999956
0.991676
0.9996045
0.9997652
0.9999974
0.99872714
0.9999701
0.9881021
0.99994266
0.9999405
0.9780149
0.9999968
0.9999976
0.9988142
0.99972767
0.999915
0.99998724
0.99998975
0.9999927
0.99990404
0.99995863
0.99999523
0.99999785
0.9999975
0.999997
0.9997886
0.99999845
0.99966836
0.9999341
0.99996793
0.9905503
0.9999919
0.99998856
0.9978447
0.20358916
0.99999726
0.9995566
0.9999937
0.9978682
0.9999893
0.98839545
0.9999974
0.999969
0.9988495
0.99916077
0.9999447
0.9999783
0.99994886
0.9990502
0.9999826
0.9999893
0.9983778
0.99992454
0.99164635
0.99999857
0.9999194
0.9999949
0.9999981
0.9999982
0.99980384
0.99993527
0.999926
0.999887
0.99860245
0.99999857
0.99999833
0.9998355
0.99988616
0.9999759
0.99983525
0.9998299
0.99999213
0.99951994
0.9999682
0.9998882
0.99995196
0.9991033
0.9999341
0.9999931
0.99998224
0.9999988
0.99999654
0.9999819
0.999997
0.99972314
0.9854719
0.9999839
0.9997968
0.9999989
0.9999821
0.99997663
0.9999871
0.9994636
0.9999049
0.9998828
0.9988926
0.99992776
0.97909904
0.99998343
0.9999292
0.99975866
0.9999932
0.99998546
0.99991643
0.9999927
0.9999913
0.99995494
0.9992791
0.9999672
0.99938107
0.99805474
0.99999356
0.99997663
0.99997973
0.99998546
0.99999774
0.999863
0.999982
0.99999464
0.9998908
0.9746806
0.99999905
0.97141594
0.99853325
0.99989474
0.9999691
0.999882
0.9958704
0.99997663
0.99997675
0.9998851
0.99999857
0.9987049
0.999876
0.9995346
0.99986947
0.99997616
0.99999213
0.99907815
0.87102795
0.999995
0.98448426
0.9999958
0.99992883
0.9997899
0.9999722
0.99996746
0.99999595
0.99158365
0.99999535
0.99932265
0.999969
0.9991498
0.96716803
0.99998283
0.99998355
0.9701995
0.999984
0.99999666
0.9999981
0.9997472
0.9942463
0.99992275
0.9997563
0.9965785
0.9999864
0.9999912
0.99999523
0.9999548
0.9998306
0.9994653
0.99925786
0.99998426
0.99795353
0.9994661
0.99998534
0.99989307
0.99997103
0.9996234
0.9988709
0.9999808
0.99998975
0.9999691
0.9999893
0.9999633
0.999982
0.99999404
0.9999974
0.999992
0.9927804
0.99974746
0.9999703
0.99997926
0.999992
0.999967
0.99998283
0.9999981
0.9999987
0.9996377
0.99911386
0.9999782
0.99999046
0.9999981
0.9999132
0.99999535
0.9992737
0.9994562
0.99998593
0.99999404
0.99995816
0.9999982
0.9999833
0.99568546
0.99999154
0.99998724
0.9999126
0.9999993
0.9999988
0.99999607
0.9968777
0.9999696
0.9937727
0.9996971
0.9999908
0.999902
0.9335305
0.9927971
0.999956
0.999997
0.9999993
0.9999398
0.99999046
0.9999943
0.99512047
0.9999932
0.99999833
0.999959
0.9999361
0.9998877
0.99969375
0.9999938
0.9999676
0.9962509
0.9999435
0.9999931
0.99998546
0.9999715
0.9982278
0.99990845
0.99999356
0.9999831
0.9999964
0.9990453
0.9998392
0.9995028
0.999992
0.9999746
0.9999579
0.99482864
0.9997836
0.9998685
0.999992
0.99999523
0.9999919
0.99999523
0.9999608
0.9999968
0.9998821
0.9999925
0.99993753
0.99999785
0.9976573
0.99999845
0.9999974
0.9999248
0.9998745
0.9999788
0.9999918
0.99992216
0.99995255
0.99998856
0.99997413
0.99966204
0.9999671
0.99998224
0.9992818
0.99994457
0.99998105
0.9986327
0.9999958
0.9999417
0.9999578
0.99989736
0.9999875
0.9996402
0.9999908
0.9999976
0.99994326
0.9999249
0.99996495
0.99999774
0.99998045
0.9999442
0.99240667
0.99997044
0.99997985
0.99997437
0.97668296
0.9999994
0.99983835
0.7562384
0.99982125
0.99174905
0.99620026
0.99997044
0.9996768
0.9999362
0.9996518
0.99997985
0.99999356
0.99999833
0.999977
0.9999242
0.99999344
0.99980694
0.9999769
0.9887432
0.9999969
0.99999475
0.999997
0.9966216
0.9999951
0.99840444
0.9999974
0.9999641
0.9999896
0.9999871
0.9999951
0.999997
0.9999683
0.99994695
0.99979156
0.9999988
0.9998128
0.99999034
0.99999845
0.99997616
0.99999845
0.999303
0.9999169
0.9999993
0.9999913
0.9999864
0.9994925
0.9999335
0.9999933
0.9944705
0.99997866
0.99999774
0.99995804
0.9999987
0.9999759
0.9999217
0.9999869
0.9999738
0.9960686
0.99982065
0.9915519
0.99999857
0.9995517
0.95923084
0.9912717
0.99998546
0.9946291
0.99874413
0.9999957
0.9999902
0.99989986
0.99999845
0.9999826
0.9999826
0.9997391
0.99999404
0.999926
0.9941651
0.99946624
0.9999856
0.99993324
0.9999763
0.99998915
0.9911739
0.9999614
0.99989665
0.9999964
0.9999945
0.99856865
0.9999795
0.99974495
0.99997866
0.9999852
0.9998685
0.9999987
0.9987074
0.99915445
0.9999862
0.9983645
0.9999975
0.9999943
0.999992
0.99999475
0.9998067
0.99989104
0.9999404
0.20818086
0.99983037
0.9999857
0.99988925
0.99751294
0.99999297
0.9999949
0.9999918
0.988775
0.9999964
0.99990356
0.9989992
0.9999865
0.99999535
0.99995565
0.99999964
0.9996544
0.99981433
0.9999428
0.99999833
0.9997528
0.99999166
0.9992964
0.97107935
0.9999018
0.99999464
0.99999917
0.99982363
0.99979156
0.9999286
0.9998216
0.9999958
0.9999974
0.9997204
0.99999857
0.9999659
0.99999547
0.9999914
0.9997439
0.99997914
0.99997675
0.9999603
0.9998147
0.9951597
0.99938345
0.9999827
0.999295
0.99997604
0.9999944
0.9928255
0.99998593
0.9999975
0.99950767
0.99970716
0.99996734
0.99829954
0.99997187
0.99999905
0.9999858
0.9999275
0.9999337
0.99981254
0.99978155
0.99930775
0.9999975
0.99944955
0.999998
0.99991035
0.9999958
0.9999627
0.9976447
0.99669075
0.999995
0.99999595
0.97759503
0.9999496
0.9999833
0.9995472
0.999995
0.9999995
0.9896596
0.9999895
0.9999598
0.99999774
0.9999703
0.99996614
0.9998573
0.9997224
0.999998
0.9999918
0.99960023
0.99999785
0.9999958
0.9999894
0.9998702
0.99149305
0.99979514
0.99999917
0.99499786
0.9998586
0.99999714
0.9999906
0.99968183
0.9999831
0.91172624
0.99553764
0.99999726
0.999974
0.99998224
0.99969447
0.9997584
0.9999647
0.99995625
0.9999974
0.9999162
0.9999988
0.999992
0.99997985
0.999739
0.99995255
0.9997954
0.99653363
0.99998796
0.9998995
0.9911233
0.9998294
0.99880254
0.9999857
0.9999976
0.9999658
0.999948
0.9919159
0.99999774
0.99999714
0.99996555
0.99257386
0.99999845
0.99998903
0.999954
0.9999361
0.9999914
0.99998426
0.9995759
0.99998057
0.9999988
0.9999968
0.99913967
0.9999647
0.9999914
0.9999846
0.99998593
0.99999833
0.9999896
0.999602
0.9998604
0.9999913
0.9996753
0.99998677
0.9998745
0.9999845
0.999933
0.99964845
0.99762386
0.9999405
0.99999344
0.9999778
0.9998765
0.99993575
0.9999856
0.9982455
0.9999399
0.99995065
0.99995434
0.999992
0.9999627
0.9999944
0.8943094
0.9999901
0.9999982
0.99986947
0.99999475
0.99999404
0.99769247
0.9999796
0.99999857
0.99999917
0.99999654
0.99999547
0.99855655
0.99948454
0.99985623
0.9999727
0.9999536
0.9992918
0.99998045
0.99986076
0.99999976
0.9999958
0.28849515
0.99999726
0.9999671
0.9999422
0.9999819
0.9999659
0.99993134
0.999941
0.999213
0.99988437
0.9999434
0.9999865
0.90251577
0.99972695
0.9999976
0.99962664
0.9999163
0.99998903
0.99999774
0.99847394
0.966614
0.9999958
0.999949
0.9999907
0.99999845
0.9975758
0.9999876
0.999226
0.9999913
0.9999918
0.9999789
0.9999112
0.9995895
0.9999918
0.99999464
0.99997735
0.99999523
0.9999994
0.9997639
0.99399215
0.9747951
0.9999443
0.99999595
0.9997644
0.9999747
0.9999975
0.9999807
0.9999839
0.9988851
0.9960808
0.9999856
0.99998546
0.9999751
0.9999732
0.9999145
0.9999821
0.99842584
0.99999833
0.9999976
0.9935255
0.9999968
0.99719185
0.999997
0.99229735
0.9998592
0.9780927
0.9804739
0.97054535
0.99997723
0.9994205
0.9997799
0.9999794
0.99997056
0.9994844
0.9913094
0.9999975
0.99999917
0.99995697
0.9999913
0.9999175
0.99447435
0.9999951
0.99977905
0.99998856
0.99998975
0.9989266
0.9999964
0.9998789
0.9999933
0.9996252
0.9999963
0.99992454
0.99986744
0.9999697
0.99990034
0.9999852
0.99973565
0.9964097
0.9948435
0.99999785
0.993266
0.99995947
0.9999962
0.9999225
0.9988294
0.99999714
0.99997246
0.998539
0.99996126
0.99968565
0.9999734
0.999967
0.99999106
0.99999416
0.99999845
0.9999949
0.9999883
0.9999515
0.9999393
0.9939272
0.9894526
0.99988616
0.9999974
0.99993885
0.9997063
0.999814
0.99993074
0.9999577
0.9989562
0.9996555
0.9999938
0.99995506
0.99999785
0.9999968
0.99995494
0.7833618
0.99828976
0.9999765
0.9969837
0.999338
0.9999695
0.9987832
0.9999676
0.9999938
0.9999651
0.9999583
0.97406334
0.999527
0.9999994
0.9999957
0.99998116
0.99999344
0.99999404
0.9992692
0.9999957
0.9999678
0.99935454
0.9999809
0.99991226
0.99480915
0.99973434
0.99999833
0.9999783
0.97808814
0.99999034
0.9999957
0.99999666
0.97131145
0.9999782
0.9986583
0.99979347
0.99948186
0.999966
0.9999962
0.9995665
0.99968195
0.9998259
0.99932027
0.9999969
0.9990361
0.99858654
0.9999957
0.9999864
0.9784656
0.99883693
0.9995459
0.99999785
0.9999894
0.999992
0.99996483
0.999602
0.9999914
0.9999902
0.9999974
0.9992131
0.9999981
0.99999535
0.9987889
0.9998429
0.99945587
0.9990102
0.9999988
0.80641073
0.99990714
0.99999845
0.99995625
0.99999464
0.9998424
0.9991259
0.99999356
0.9999974
0.9999926
0.999982
0.99456996
0.9999875
0.99999475
0.9997304
0.9999715
0.9982414
0.9996445
0.99998736
0.9999957
0.9999939
0.9999721
0.999905
0.9981206
0.9731367
0.99372226
0.99991274
0.9999962
0.9999887
0.9999944
0.9999974
0.99567837
0.9999716
0.99988997
0.99999094
0.99958664
0.99998224
0.9999776
0.99749786
0.9999758
0.99807906
0.9969502
0.99998534
0.9936208
0.9999863
0.9999757
0.9999746
0.9999826
0.999926
0.9999924
0.99999607
0.9985525
0.99997437
0.99998176
0.9989844
0.9990464
0.9577864
0.9999895
0.9999733
0.99985564
0.9999511
0.9999914
0.9963709
0.9999989
0.9993292
0.99998343
0.9999957
0.9999974
0.99999475
0.9999981
0.9998332
0.9985287
0.999708
0.99951315
0.99999833
0.99993455
0.99997246
0.99999607
0.9999989
0.9999778
0.99568427
0.9999219
0.9752015
0.99983203
0.9999944
0.9999577
0.99994135
0.99977344
0.989292
0.9999428
0.99983
0.99978393
0.9999865
0.99984014
0.14181262
0.99998975
0.99989104
0.9999976
0.99999964
0.9999387
0.6708404
0.9999994
0.99995685
0.99995375
0.999972
0.9999956
0.9999969
0.9999969
0.9999846
0.99957305
0.99999845
0.99999964
0.9999976
0.99997056
0.99999607
0.9999931
0.99999845
0.99998116
0.9999833
0.99975985
0.9979247
0.9999976
0.999925
0.99999726
0.9999895
0.9939131
0.9976676
0.9991604
0.9999939
0.9999951
0.99999917
0.960796
0.9999778
0.99992704
0.99999833
0.9999678
0.9999771
0.9998822
0.9999981
0.99996006
0.99975914
0.99978393
0.99999285
0.99994457
0.99996066
0.9999424
0.9995741
0.9999937
0.9998889
0.98993707
0.9999988
0.99999356
0.9996413
0.99996865
0.9999943
0.9903756
0.99997294
0.99998057
0.9999932
0.99994195
0.9999428
0.99800676
0.9921422
0.99999905
0.9999949
0.99926525
0.9996427
0.8551131
0.9999505
0.9999975
0.999997
0.9975654
0.9995677
0.99822706
0.9999982
0.99999416
0.9998882
0.9999944
0.99995375
0.99997735
0.9999912
0.9998254
0.999998
0.99999976
0.99999976
0.9999963
0.9999889
0.9999956
0.9999963
0.9999819
0.99965894
0.99963224
0.9999945
0.999998
0.99999917
0.9999958
0.99956566
0.9999964
0.99999857
0.9999958
0.9995289
0.99792504
0.9998362
0.9984346
0.99836046
0.9958248
0.9999728
0.99999833
0.9999716
0.9999819
0.99756914
0.9829776
0.99998605
0.99998593
0.99991345
0.9915969
0.9999248
0.998095
0.9999939
0.99979407
0.99998295
0.9999628
0.99999154
0.99999905
0.9999968
0.99992204
0.9999802
0.99999976
0.9999318
0.99387664
0.9996692
0.99996066
0.9999454
0.99998534
0.99995613
0.9999933
0.9999932
0.99999404
0.99986804
0.9999844
0.9999851
0.9999503
0.9423977
0.99997175
0.9994343
0.99998903
0.99977845
0.999998
0.99999106
0.9999813
0.9995158
0.9977786
0.99999166
0.9943341
0.9999858
0.99997437
0.9999981
0.99961483
0.99999654
0.9999521
0.9991033
0.9991048
0.9998042
0.99744874
0.99913543
0.9999237
0.99998045
0.99958414
0.9999888
0.99999285
0.99995804
0.9999945
0.9999323
0.99999547
0.99987674
0.999969
0.99998355
0.99997437
0.99990845
0.999995
0.9999356
0.9997136
0.9999931
0.9998839
0.9998815
0.9999938
0.9999902
0.9999889
0.9999372
0.9999974
0.9999945
0.999974
0.9999993
0.99973494
0.99998593
0.99999475
0.99906844
0.99982053
0.99997246
0.99997556
0.99935454
0.999977
0.9999546
0.9807443
0.998168
0.9999927
0.99998105
0.9999784
0.99999845
0.99990284
0.9999945
0.99998534
0.9999987
0.9999385
0.9999975
0.9998894
0.999706
0.99997354
0.99998343
0.9913747
0.9997869
0.9999186
0.9999398
0.9999596
0.9998764
0.99999666
0.9999956
0.9999356
0.99999
0.9998698
0.8455616
0.9999747
0.9946997
0.99999344
0.9999094
0.96197206
0.9999877
0.99985266
0.99999356
0.9992336
0.9999646
0.9999962
0.99998486
0.99986076
0.9999852
0.9998665
0.9998388
0.9999975
0.99999833
0.99999094
0.9999689
0.9999975
0.9999635
0.99999046
0.9991762
0.99999547
0.99997854
0.99999857
0.99999845
0.9983303
0.999997
0.99999917
0.99999845
0.9999976
0.99544865
0.9999912
0.9982424
0.9999021
0.9998221
0.9999939
0.9999831
0.99999857
0.99937856
0.99999964
0.9999864
0.9998424
0.9999745
0.9998932
0.9998123
0.9999957
0.98697805
0.99999774
0.9999863
0.9723654
0.99020773
0.98931926
0.9919733
0.99998784
0.9999825
0.9999933
0.99999475
0.9999857
0.9996525
0.9999751
0.999268
0.99984753
0.99999464
0.999995
0.99945766
0.9393661
0.9995571
0.99985933
0.9999951
0.9999887
0.99956626
0.9999889
0.9999145
0.9999474
0.9999968
0.99999726
0.9999987
0.9999987
0.9982906
0.99999106
0.97958046
0.999818
0.99998677
0.9999882
0.999998
0.99998736
0.999798
0.9989359
0.99993277
0.99421245
0.99999833
0.9996408
0.99996305
0.9999976
0.99476033
0.9999987
0.9996332
0.99999607
0.9968546
0.99999106
0.99995816
0.9998622
0.99225396
0.99999654
0.9999342
0.9999958
0.9999492
0.9998429
0.9999776
0.99982685
0.99988604
0.9910807
0.9999502
0.9999447
0.9883555
0.99568945
0.9999989
0.99988174
0.9994654
0.99956137
0.9998505
0.9999968
0.9987984
0.9999964
0.99999726
0.99999917
0.9998399
0.99978334
0.99999535
0.999985
0.99998975
0.9999033
0.999997
0.99979717
0.9867814
0.999303
0.9999498
0.9999989
0.9997713
0.9999746
0.99917537
0.9999993
0.9999819
0.9996344
0.9990631
0.9994205
0.99999523
0.55111516
0.9999484
0.8794945
0.9953898
0.99999917
0.9999788
0.9997806
0.99999654
0.9999989
0.9999361
0.9999907
0.9999701
0.99998796
0.9972071
0.9999988
0.99997556
0.9993191
0.99999213
0.9999993
0.9999058
0.99999225
0.99998856
0.99967134
0.9956182
0.99994385
0.9994634
0.9997632
0.9999689
0.99997497
0.9952413
0.9999329
0.99984944
0.9998306
0.9992993
0.9999933
0.999824
0.9990932
0.9999728
0.99986196
0.99994993
0.9998814
0.9999963
0.99999046
0.99994326
0.99999607
0.9999919
0.99998546
0.9999976
0.9999914
0.99948967
0.99999106
0.6355942
0.99999046
0.999686
0.99998
0.99870515
0.99979657
0.99900085
0.99813473
0.9999957
0.9999912
0.9999883
0.9999987
0.99999
0.9999399
0.9989379
0.99999166
0.9999943
0.99999094
0.9999224
0.9999746
0.9999969
0.99999666
0.99922967
0.99761426
0.99978095
0.9999969
0.9999026
0.9999994
0.99999964
0.98889685
0.9999969
0.947103
0.99996364
0.9999906
0.9999821
0.99995005
0.999806
0.9996724
0.99907386
0.9987853
0.99999595
0.9996381
0.9816805
0.9988244
0.99995553
0.9999893
0.9999924
0.99999046
0.99456835
0.9997172
0.99968886
0.9999956
0.99995446
0.9998424
0.99680114
0.99823856
0.9999994
0.999331
0.99998295
0.9985788
0.9999926
0.99996555
0.99811554
0.9996557
0.9999063
0.99995756
0.96308523
0.99997914
0.9999758
0.9999796
0.99999714
0.99999607
0.9999913
0.99981385
0.99997675
0.99986815
0.9999466
0.99999917
0.99998665
0.98699784
0.99162227
0.99999785
0.9995079
0.99999857
0.9999989
0.9999882
0.99998116
0.9999976
0.9999862
0.99992824
0.99998
0.9945674
0.9996898
0.9971734
0.9998784
0.99998343
0.999977
0.9994055
0.9997664
0.99990034
0.999987
0.9999745
0.99926955
0.99997807
0.9999989
0.9999136
0.9999794
0.9998963
0.99995756
0.9956886
0.99986684
0.99302214
0.99997807
0.99999094
0.9983901
0.9999995
0.9999385
0.9922592
0.9934361
0.9997687
0.9993955
0.9998516
0.9999901
0.99789065
0.99997306
0.9999429
0.99998176
0.9999845
0.99999785
0.9952554
0.9989536
0.9939188
0.9997937
0.99999344
0.99997747
0.99115074
0.9999937
0.9999844
0.9992268
0.9999943
0.9999808
0.999998
0.9754676
0.9999467
0.99994016
0.9999392
0.999653
0.9999355
0.99777716
0.99986875
0.9999801
0.99989545
0.9999844
0.999897
0.9999987
0.99994516
0.999995
0.9999832
0.99993896
0.9999217
0.99995303
0.9998741
0.99905187
0.9992649
0.99975795
0.9999262
0.99996245
0.9888692
0.999979
0.97824246
0.99999964
0.99996865
0.9999975
0.9999989
0.9995128
0.9998878
0.98864263
0.999997
0.9999913
0.99994314
0.999946
0.99999094
0.9999956
0.9999982
0.9999982
0.9995271
0.9999975
0.99874264
0.99999297
0.999951
0.99999726
0.9987633
0.9953211
0.9999989
0.9997223
0.99996877
0.9999988
0.9999021
0.9999969
0.99999285
0.99983954
0.99917823
0.99369806
0.99999547
0.9999114
0.9999994
0.934124
0.99994826
0.9998511
0.9999981
0.9998325
0.9960127
0.99997103
0.99908817
0.9999931
0.999655
0.9999764
0.99999857
0.9999813
0.9716509
0.9903654
0.99987876
0.99871814
0.99990845
0.99986935
0.9999907
0.9999974
0.99997616
0.9997662
0.9975337
0.999073
0.9999987
0.999566
0.9938898
0.974209
0.9999969
0.99960536
0.99999785
0.99872583
0.9985506
0.9994529
0.9807839
0.99374336
0.99973875
0.999995
0.9998142
0.98034084
0.99783933
0.99993014
0.9111847
0.9999981
0.99999726
0.99996805
0.9999937
0.9996202
0.9999944
0.9916095
0.9999994
0.9999976
0.99998724
0.99999845
0.9993624
0.99993753
0.9999931
0.99999857
0.99984896
0.99996865
0.92688555
0.9999896
0.9997421
0.99983966
0.999992
0.99942976
0.99765897
0.99993634
0.99988186
0.99994326
0.99739134
0.9999974
0.9997998
0.9994911
0.99995446
0.9995351
0.99991775
0.9994436
0.999979
0.9998851
0.9987142
0.9996352
0.999995
0.99992776
0.9998795
0.99967706
0.9999709
0.9999951
0.9999964
0.99909127
0.9998634
0.99999154
0.9999976
0.9999913
0.99995995
0.9993048
0.9999747
0.9999968
0.9998549
0.9999949
0.9961816
0.9999963
0.9999825
0.9999516
0.99997675
0.98396665
0.9995727
0.999954
0.9999913
0.99997413
0.99999976
0.9997845
0.9988844
0.98847383
0.9999962
0.99970275
0.9999759
0.9999616
0.99999845
0.9792606
0.99999845
0.9997682
0.9880994
0.9999596
0.9995877
0.99999547
0.9999951
0.9998634
0.9999547
0.9999993
0.99999607
0.9999987
0.9999676
0.9979189
0.9998097
0.9999677
0.9998716
0.9999713
0.99999034
0.99992704
0.9892971
0.99999654
0.9931162
0.9997814
0.99999344
0.9934836
0.99999046
0.99981683
0.999998
0.99999607
0.9999968
0.9999976
0.9997906
0.9999529
0.9988036
0.99956006
0.9999603
0.9999869
0.99992275
0.9998858
0.9999852
0.99995923
0.9999895
0.9985624
0.99998724
0.99952376
0.995106
0.9999503
0.9999267
0.99995756
0.99947745
0.9999993
0.999997
0.9999721
0.9999969
0.99915123
0.9560661
0.999908
0.9999559
0.99626994
0.99973863
0.9999862
0.99999523
0.9977888
0.999967
0.9999938
0.9999857
0.9999647
0.99998784
0.9990368
0.9998549
0.9999877
0.99998343
0.99999607
0.9999716
0.99998856
0.9995402
0.999982
0.9998846
0.99999607
0.99999714
0.99997044
0.9651472
0.99999595
0.99547786
0.9994215
0.9999703
0.9999802
0.99949706
0.9999982
0.9999988
0.99999917
0.9999943
0.99992156
0.99996996
0.9999515
0.9999962
0.99978167
0.9998671
0.9999304
0.99984217
0.99982256
0.9999882
0.9999945
0.99985933
0.9999708
0.9999839
0.99995303
0.99942446
0.9999747
0.99991834
0.9999988
0.9999908
0.99999297
0.9999176
0.9990846
0.99955076
0.9999949
0.9999858
0.9995384
0.9990054
0.9999145
0.9999956
0.99994576
0.9997404
0.9999813
0.9999994
0.99888283
0.999997
0.99996877
0.9995623
0.9999716
0.99870765
0.99963474
0.99995637
0.99980193
0.99999475
0.999866
0.9999989
0.99994445
0.99912494
0.99864334
0.99997985
0.9999944
0.99986684
0.99950564
0.994105
0.9860334
0.9997975
0.9999931
0.9997545
0.99999785
0.9921354
0.99997175
0.99999404
0.99909496
0.9994356
0.99999523
0.9960657
0.9999392
0.9996394
0.9999975
0.9999715
0.99999344
0.99998856
0.9853969
0.9968227
0.99995136
0.99926597
0.9999988
0.99999046
0.9998609
0.999912
0.9999957
0.99998176
0.99959904
0.9999846
0.9999924
0.99986625
0.9978174
0.9999856
0.99999547
0.9993563
0.7462635
0.9992693
0.99982554
0.99999464
0.9999939
0.99864906
0.99950945
0.99999225
0.99994683
0.99934155
0.9999931
0.9983729
0.999813
0.9999949
0.99998415
0.9999987
0.9998584
0.9983369
0.9996766
0.99999714
0.99997663
0.99994624
0.99996984
0.9999683
0.99998355
0.9999789
0.99999297
0.99992406
0.999974
0.9999372
0.9999777
0.99992085
0.99999833
0.9999962
0.99996495
0.99994385
0.9994025
0.9995883
0.9999896
0.9999689
0.9989286
0.99999
0.99999833
0.99999475
0.99985266
0.99997747
0.9999958
0.9999918
0.9996964
0.9997434
0.9999604
0.9999875
0.99990785
0.99999416
0.99998116
0.99998367
0.9999511
0.99997675
0.992254
0.9999975
0.9999944
0.99999905
0.9995782
0.99969256
0.9998092
0.9999409
0.99989235
0.99987006
0.9999443
0.99315554
0.9999558
0.9998493
0.9999964
0.99874395
0.9996296
0.99094886
0.9995346
0.99607784
0.9999628
0.9999937
0.9996412
0.99999464
0.99914527
0.99998343
0.99999917
0.9999969
0.99999225
0.9908179
0.99935
0.99881434
0.9999727
0.9998386
0.95745283
0.99999607
0.99999166
0.9998252
0.99996734
0.9999213
0.999876
0.9999908
0.99999356
0.99999464
0.99993956
0.99976534
0.9985638
0.9999671
0.9999472
0.99999905
0.9999943
0.99942744
0.99997056
0.99997675
0.99996233
0.9999739
0.99997985
0.9993754
0.9999819
0.9999906
0.9996443
0.99995315
0.9999095
0.99977034
0.99998856
0.9999999
0.99999785
0.9999975
0.9996649
0.9969221
0.99999094
0.9999999
0.99999666
0.99975926
0.99999607
0.9993542
0.13227251
0.9999094
0.99935764
0.99999964
0.9999794
0.9996055
0.99891984
0.9999765
0.99997866
0.9999832
0.9999933
0.9998697
0.9984855
0.99996746
0.98967546
0.9999821
0.9999994
0.99999654
0.99997985
0.99997306
0.9987031
0.9989619
0.9986259
0.9947496
0.99993646
0.9999864
0.99966013
0.999049
0.9966577
0.99993134
0.9999889
0.9999726
0.99981433
0.99851924
0.99975103
0.98831683
0.99999404
0.999931
0.9998996
0.9968892
0.99997485
0.9989342
0.9999764
0.9999255
0.99999034
0.9999976
0.99999666
0.99990654
0.99994075
0.99996233
0.9999783
0.99999297
0.99710804
0.9999987
0.9999907
0.99999833
0.9998274
0.9999273
0.99999785
0.9980124
0.99998784
0.99999654
0.9977343
0.9999751
0.99999845
0.9999908
0.9999896
0.99997187
0.9999864
0.9999926
0.9999951
0.99996865
0.9999976
0.9999765
0.99986637
0.9999982
0.9999975
0.99990976
0.99993455
0.9996991
0.9999776
0.9999949
0.9999969
0.9999931
0.9997999
0.9999335
0.9945539
0.9999634
0.9999877
0.9999429
0.9982628
0.9999819
0.999877
0.9999641
0.99995184
0.99993384
0.9922621
0.99999607
0.9999975
0.99999905
0.99999857
0.9965442
0.99996674
0.99995005
0.9999876
0.99997103
0.9949485
0.9999802
0.99999714
0.99999654
0.9999857
0.9997719
0.99999
0.9999571
0.9911594
0.9895567
0.9995795
0.9993573
0.99533576
0.9999995
0.9999608
0.9999939
0.99643755
0.99981564
0.9999937
0.99948716
0.9999347
0.99999714
0.9993311
0.99999964
0.999995
0.999992
0.999398
0.9999995
0.9997271
0.9951839
0.9998691
0.99999857
0.9999925
0.99999094
0.99985814
0.9999949
0.9999732
0.9999645
0.99997616
0.9972994
0.9988167
0.99990296
0.99999905
0.99999595
0.97898567
0.99999726
0.99999917
0.9998919
0.9998307
0.9999933
0.9990403
0.9999645
0.9999757
0.9999912
0.99999857
0.9998932
0.99972254
0.9999981
0.9999733
0.99495476
0.99570775
0.9999788
0.026065895
0.99965286
0.9999901
0.9999995
0.9999908
0.99999034
0.995372
0.99986947
0.99999714
0.99924904
0.99998295
0.9999969
0.9999559
0.99997616
0.9997093
0.9999857
0.99998224
0.99908936
0.9999908
0.9991897
0.9999261
0.99949145
0.99929106
0.99999726
0.99915445
0.9995925
0.9999993
0.99999106
0.99993145
0.9999901
0.9999474
0.9999937
0.9999926
0.99999344
0.9973068
0.9989278
0.999977
0.9999981
0.9999794
0.9996648
0.99992025
0.99987435
0.9999951
0.9996935
0.99985147
0.9996718
0.99983644
0.99994206
0.9999738
0.9943294
0.9995369
0.9981667
0.99894613
0.99999464
0.99999905
0.9999944
0.99997115
0.99997187
0.99999714
0.999972
0.9999093
0.9999933
0.9999653
0.99976903
0.99998915
0.9999331
0.9991037
0.9999956
0.99995255
0.9996476
0.98915964
0.99987316
0.9999964
0.99959975
0.9999727
0.99999833
0.9999943
0.99998844
0.99999607
0.9995128
0.9999609
0.9999747
0.9999956
0.9999765
0.99959534
0.9996209
0.99999046
0.99998593
0.99994004
0.9995826
0.9994343
0.99960333
0.9997415
0.9999715
0.99992526
0.9999968
0.9999758
0.9999951
0.9969037
0.9999536
0.9999989
0.99995816
0.9999777
0.9999238
0.9987746
0.99112755
0.9999747
0.9999937
0.47524816
0.99999917
0.9999734
0.9999913
0.99808645
0.9983942
0.9999471
0.99995804
0.9998048
0.99997616
0.9999809
0.999928
0.99999905
0.99961025
0.9999893
0.9999974
0.9941597
0.9999796
0.99536777
0.99998593
0.9999634
0.9999552
0.9984804
0.9999776
0.9999732
0.99931717
0.9697449
0.999995
0.9998919
0.99991906
0.9999896
0.9999894
0.9991536
0.9999398
0.99975806
0.9998647
0.9997094
0.9999956
0.9999914
0.99998844
0.9995509
0.9952807
0.9999777
0.99999964
0.9999894
0.9999006
0.9999678
0.9999896
0.999959
0.99997675
0.99999964
0.99997234
0.99999416
0.99985445
0.9995602
0.9994948
0.9998765
0.9999659
0.99397004
0.99999595
0.99999166
0.9998493
0.9997093
0.9995208
0.9998945
0.999936
0.9999974
0.99997735
0.9929183
0.9998771
0.9999939
0.9996457
0.9998529
0.991355
0.9999887
0.99998045
0.99997747
0.9999771
0.9999776
0.9994722
0.9987833
0.99989295
0.9999745
0.9999579
0.9999968
0.99994695
0.99983084
0.9999801
0.9999789
0.99992156
0.9999937
0.99998903
0.99970764
0.9999858
0.99999547
0.99999917
0.99999166
0.9999964
0.99999547
0.9999007
0.99268156
0.99999833
0.9999484
0.9999459
0.99999845
0.999946
0.9999877
0.99992585
0.9979989
0.9996309
0.9993376
0.99673176
0.9995308
0.9994716
0.99983525
0.9869272
0.9999597
0.9999783
0.99964976
0.99998
0.9977786
0.9994979
0.99998474
0.9998926
0.99998295
0.99983466
0.9999925
0.9884687
0.9999957
0.99993277
0.98181564
0.9999511
0.99989665
0.9999964
0.9999981
0.99815184
0.9999783
0.99673706
0.99995863
0.99999857
0.9999919
0.9959318
0.9955273
0.99969757
0.99998605
0.9800693
0.9999794
0.99952316
0.9998429
0.99988186
0.9836368
0.99999475
0.9913181
0.9999331
0.998738
0.99999475
0.9999987
0.99957246
0.999964
0.99908125
0.9986951
0.99999154
0.9998215
0.99998903
0.99999285
0.99997735
0.9997981
0.99998975
0.9999366
0.99992335
0.9999794
0.99995387
0.9999237
0.99998665
0.9985618
0.9999962
0.9999975
0.9999982
0.99999225
0.999974
0.9984511
0.9995152
0.99998724
0.9998272
0.9999857
0.99999595
0.9999374
0.9999944
0.9999994
0.99995995
0.9995055
0.9985392
0.99999654
0.99824333
0.99998283
0.9999757
0.99985707
0.9998721
0.9740244
0.9993826
0.9999459
0.9999746
0.9999968
0.99999666
0.999995
0.99915993
0.99996185
0.9999347
0.9999201
0.9999634
0.99986947
0.9998888
0.9916065
0.9959132
0.99993706
0.99999523
0.9999622
0.9999796
0.99988127
0.99993014
0.9990632
0.99973935
0.99999964
0.9999976
0.9999664
0.9999101
0.99998116
0.99980384
0.999395
0.99994576
0.9998628
0.9999893
0.99480236
0.9999945
0.9998964
0.9999844
0.99999595
0.9983175
0.99999845
0.999956
0.9999757
0.9999902
0.99998426
0.99999905
0.97097933
0.9525428
0.99999225
0.9999716
0.99974865
0.9999362
0.9999925
0.9999969
0.999933
0.9998641
0.99976224
0.99995697
0.99743867
0.99999666
0.9999987
0.9998435
0.9920448
0.9999262
0.99951804
0.99996734
0.9999559
0.98457265
0.99997294
0.99996006
0.99442947
0.99998415
0.9999862
0.08265205
0.99998665
0.9779791
0.99999535
0.99999297
0.9999957
0.99939847
0.9999995
0.9999945
0.9951997
0.99996614
0.9999993
0.9999857
0.9999896
0.999944
0.99993527
0.99998724
0.9999019
0.9999933
0.9999963
0.99998224
0.99999416
0.99923646
0.99999785
0.99999547
0.9984877
0.9999945
0.9999958
0.99993265
0.99999833
0.9999939
0.99991035
0.99999654
0.9999336
0.99998724
0.98379993
0.9995952
0.9999845
0.99999416
0.99987745
0.99968565
0.99999356
0.9998061
0.99772745
0.9999894
0.9992767
0.99999857
0.99971026
0.9999002
0.9999919
0.9999666
0.99999225
0.9999882
0.99994993
0.9999951
0.9999968
0.99999464
0.99922824
0.99999714
0.99998355
0.9999646
0.9141242
0.99999976
0.99998665
0.9999367
0.999997
0.9999534
0.9999933
0.9996191
0.99480975
0.99996996
0.999997
0.9835181
0.99997115
0.9999136
0.9993844
0.9979463
0.99998856
0.99999464
0.9999645
0.9979498
0.9998281
0.9678508
0.99999845
0.9996451
0.9999436
0.99998116
0.9992138
0.9998374
0.99991953
0.99988365
0.9997155
0.99999905
0.9965321
0.9999951
0.99956197
0.9997168
0.9997168
0.9944102
0.99452835
0.99997723
0.99998367
0.99999595
0.9998128
0.9999912
0.99983144
0.99996746
0.9999442
0.9961816
0.98947465
0.99997437
0.98643804
0.99998665
0.99974734
0.9991893
0.9957618
0.99998975
0.99994767
0.99981254
0.99997723
0.999997
0.99959224
0.9999958
0.9999658
0.9998932
0.99995196
0.7745641
0.9893935
0.9999827
0.99999654
0.99996734
0.9999902
0.99999845
0.99998975
0.9998536
0.99999833
0.99995875
0.99884546
0.9999287
0.9998486
0.99937135
0.99961406
0.9999994
0.99996245
0.999987
0.9999976
0.99999154
0.9999949
0.99989235
0.99525946
0.9996921
0.99999034
0.9990829
0.99998784
0.9999882
0.9999982
0.9999788
0.99996936
0.99999917
0.9999981
0.99985635
0.9997347
0.9999665
0.999899
0.9997613
0.9996406
0.9971253
0.9999918
0.9993356
0.99996054
0.99998593
0.999998
0.9999882
0.9999838
0.9999932
0.9997391
0.9998716
0.9999658
0.99934644
0.99991953
0.9999937
0.9999788
0.9999633
0.99997556
0.9999958
0.9999138
0.9998932
0.9997224
0.99990296
0.9994935
0.999997
0.9999989
0.9908172
0.99999523
0.99967253
0.99999654
0.9999881
0.9999678
0.99994767
0.9999428
0.9999819
0.9999825
0.9980313
0.9999937
0.9999666
0.99997354
0.99999595
0.9998716
0.9999509
0.9998086
0.99996984
0.9996903
0.9999925
0.99993217
0.9999579
0.9999579
0.9999974
0.9999933
0.97936434
0.9999876
0.9999989
0.9999739
0.99533564
0.9999777
0.9982146
0.9999714
0.99999297
0.99973387
0.9999994
0.9998323
0.98584056
0.9995352
0.9999993
0.999907
0.9857781
0.99995816
0.9999975
0.99995995
0.99999845
0.99999547
0.9999925
0.9999969
0.99984837
0.9999968
0.9999833
0.999997
0.99999726
0.99998105
0.9999224
0.9999956
0.99987257
0.99984264
0.9999846
0.99962807
0.9952551
0.99999785
0.9999573
0.99994385
0.9999964
0.99954623
0.9998746
0.9999957
0.99845624
0.99982435
0.99992263
0.9999901
0.99995625
0.9999974
0.99998844
0.99890673
0.99995947
0.9996847
0.99980384
0.9999553
0.9991215
0.9999285
0.99999833
0.99999833
0.9999987
0.9998647
0.9999901
0.99980456
0.999777
0.9999039
0.99989986
0.9997564
0.9999794
0.9998294
0.9999989
0.9999981
0.99999785
0.99998903
0.99999034
0.99999714
0.99977976
0.99984336
0.9999615
0.9999976
0.99999845
0.99994326
0.9997681
0.99998724
0.9999943
0.9999584
0.99996805
0.9999931
0.99996066
0.99941206
0.99989223
0.9999616
0.99997044
0.99999785
0.9999925
0.998547
0.9999504
0.9999808
0.99990165
0.999785
0.6444112
0.99997675
0.9998441
0.99977714
0.9999825
0.9915251
0.9999944
0.99999857
0.99999833
0.9999856
0.99999464
0.9999695
0.99940085
0.9999914
0.9997476
0.9999969
0.9999902
0.99985373
0.9999882
0.99999404
0.99999917
0.9999988
0.99991834
0.9996791
0.99998903
0.99999475
0.99995255
0.99935716
0.9999558
0.9995204
0.99000263
0.99999297
0.9690985
0.99927455
0.99998856
0.9999883
0.99998784
0.99944
0.9999809
0.9992988
0.9999993
0.99999666
0.9994771
0.99999154
0.99999726
0.9999188
0.9999801
0.9999864
0.9991967
0.99916744
0.9949005
0.9999958
0.99978095
0.9989687
0.9999958
0.99998784
0.99999285
0.9999496
0.99997544
0.9560263
0.99982375
0.9871291
0.9998086
0.96914005
0.99999917
0.9999863
0.9999405
0.99999595
0.99999726
0.9991013
0.99998045
0.99978024
0.999752
0.9999968
0.99999607
0.99999785
0.99999833
0.99981993
0.9997837
0.99712723
0.99818254
0.999982
0.9998448
0.99823475
0.99990344
0.99997246
0.99999464
0.99873775
0.9997501
0.9985222
0.99998605
0.99958414
0.9997199
0.9991629
0.6482309
0.99598986
0.9985844
0.9982218
0.98905015
0.9999963
0.99993813
0.9999453
0.99985635
0.9889242
0.99825305
0.9993905
0.9998105
0.9999864
0.9999912
0.99999356
0.999967
0.9999597
0.9999939
0.99999666
0.9999428
0.9999969
0.99996054
0.9999814
0.9999974
0.99909866
0.9998971
0.99990034
0.9999403
0.99992955
0.9999893
0.9982457
0.99999416
0.9999809
0.9969759
0.99999297
0.99999833
0.9999993
0.9999993
0.9999424
0.9999974
0.9999938
0.9995988
0.9905813
0.9996947
0.99987674
0.99990904
0.99993634
0.99997556
0.9997291
0.99980766
0.9999963
0.993982
0.9999938
0.99999726
0.99991477
0.99999535
0.99975175
0.999998
0.99999464
0.99992776
0.99869126
0.99995947
0.9878444
0.9917427
0.9999702
0.9992324
0.99999034
0.9999949
0.99641454
0.9999653
0.99999535
0.99999833
0.99997926
0.99993205
0.9999994
0.9999553
0.9999417
0.99942744
0.999995
0.999977
0.99992096
0.99981874
0.99691224
0.99998844
0.9999075
0.9995553
0.9999963
0.9998429
0.9999815
0.999569
0.9999981
0.9999883
0.9999912
0.99920684
0.99998677
0.99998844
0.9999931
0.99992204
0.9999832
0.99998915
0.99999094
0.99999404
0.9940328
0.99998784
0.9999906
0.999785
0.9999938
0.9949852
0.9996673
0.9999896
0.9999844
0.99997747
0.99998295
0.99999404
0.9999577
0.9999957
0.9999944
0.99198204
0.99999475
0.9999913
0.99998605
0.9999969
0.999997
0.99969125
0.9999715
0.999848
0.99980193
0.9999987
0.9999857
0.9950655
0.99994373
0.9999989
0.9999995
0.9897565
0.99837303
0.9983688
0.999959
0.99999666
0.99999
0.99999785
0.99994516
0.99997544
0.99990094
0.99995756
0.99999523
0.99952304
0.9993222
0.9994856
0.9999969
0.99999785
0.9999248
0.9999144
0.99997175
0.9999888
0.99997485
0.9998462
0.9999964
0.9999982
0.99996495
0.99996984
0.99999297
0.999819
0.9999825
0.9999467
0.99997294
0.988009
0.9995927
0.9851741
0.9986125
0.9999882
0.9999716
0.9999471
0.9999932
0.99969256
0.99999917
0.998145
0.9699449
0.99998057
0.9999778
0.9915177
0.99994135
0.9999645
0.99998903
0.99998784
0.9999974
0.9998857
0.9967415
0.99999857
0.99996877
0.9999677
0.9898859
0.9999912
0.9999989
0.99999726
0.99963975
0.9999949
0.9999907
0.99997735
0.99999213
0.9999107
0.99944884
0.9999045
0.9997824
0.9884687
0.9991731
0.9999279
0.9999926
0.99987054
0.9999858
0.9999831
0.9945129
0.99947995
0.99993956
0.99999416
0.9999974
0.9999869
0.99981743
0.99997735
0.99999607
0.99999857
0.9761587
0.9999677
0.9999925
0.99996185
0.99999857
0.9998932
0.9996331
0.9999982
0.99999714
0.99999356
0.99928766
0.9999957
0.9999943
0.9999906
0.999987
0.9996356
0.99914587
0.9999951
0.9999851
0.9999912
0.9833471
0.99997735
0.99996173
0.99993384
0.999974
0.9997217
0.99999285
0.9958611
0.99772114
0.99994886
0.99908674
0.9997259
0.9996358
0.9999951
0.9999423
0.99999905
0.99952865
0.999995
0.9999968
0.9988274
0.99997795
0.999977
0.99999666
0.99999917
0.99630165
0.99999833
0.99998045
0.99994767
0.9999901
0.9999678
0.99998915
0.9994085
0.9991928
0.9999943
0.99998105
0.9997465
0.99999845
0.9999949
0.9999832
0.99858177
0.9999988
0.9999957
0.99657685
0.9998641
0.99971884
0.9971623
0.99999964
0.99999857
0.99938345
0.99883014
0.9993345
0.999995
0.99997795
0.99991345
0.99737036
0.99643135
0.9998728
0.9999964
0.999998
0.99998474
0.99999917
0.9999982
0.99999917
0.9998665
0.9999926
0.99999666
0.996403
0.9995511
0.99999845
0.99969447
0.9999914
0.9999757
0.99995625
0.98427826
0.9997451
0.99834704
0.9999697
0.99793303
0.99999785
0.99958414
0.9997428
0.9999931
0.99678886
0.9930101
0.9999813
0.99997866
0.9956749
0.99997795
0.99927074
0.99849725
0.9999778
0.99993074
0.9999944
0.99902225
0.9983152
0.9996947
0.9999927
0.99999106
0.99999857
0.9974496
0.9994186
0.9999417
0.9998411
0.9999932
0.9999943
0.99658644
0.99751174
0.9999945
0.99998856
0.9966266
0.9998124
0.9888784
0.99999976
0.99999106
0.9999975
0.9994518
0.99999833
0.9999652
0.99993217
0.9998518
0.9996407
0.9999051
0.9999
0.99613035
0.99997985
0.9976961
0.99999166
0.99999464
0.9998857
0.99999404
0.99999034
0.99999034
0.999995
0.9999976
0.9997578
0.99999726
0.99999714
0.9865832
0.9999976
0.9478804
0.99997056
0.9982262
0.99989295
0.9999645
0.9999205
0.99999726
0.99975246
0.9997037
0.9999956
0.98467386
0.99983406
0.99996436
0.9993787
0.99983823
0.9982734
0.998212
0.8926796
0.9994141
0.9999671
0.99999475
0.9999713
0.99996626
0.99999654
0.9999814
0.99999523
0.9991302
0.9999951
0.9999244
0.9999839
0.9989459
0.99990296
0.99994504
0.99990225
0.99998605
0.9999982
0.9995474
0.9998529
0.9999871
0.99999964
0.9985123
0.99999833
0.9999622
0.9999906
0.9999809
0.99949217
0.9998343
0.9985715
0.9998462
0.9999542
0.9998747
0.9947864
0.9999026
0.9999795
0.9899715
0.9998229
0.9984509
0.99999726
0.9998648
0.9999504
0.99999833
0.9997677
0.99993134
0.9999696
0.9999975
0.99972004
0.99999905
0.99999475
0.99988437
0.98480344
0.99975175
0.9998167
0.99979025
0.99999547
0.9999614
0.9999777
0.9997365
0.9999994
0.9999826
0.99995923
0.99995553
0.99999833
0.9999038
0.99994564
0.99977404
0.9999472
0.9997528
0.99997365
0.9999974
0.99999404
0.99999785
0.99999285
0.99999666
0.9999994
0.9992473
0.999995
0.99999917
0.9999974
0.9967373
0.9999856
0.99412954
0.99994075
0.99992
0.9999901
0.9997861
0.9999914
0.9999944
0.9998441
0.99997294
0.99997723
0.99999857
0.999967
0.9999678
0.9999653
0.9998715
