2314.565726005573
1987.5644643632288
3004.9316131985183
3094.5767077259607
3006.002994010485
1481.8416750786778
3068.827952166703
2790.0737445450927
2582.802741209673
1140.7679430972435
3023.8248957239443
3069.1787175073237
2964.988532860947
3036.770488528893
2794.8493698226066
3111.009321747564
2943.3523404445523
3066.2584692096375
2762.945077268101
1622.1861792038655
2802.6367049619803
2912.654459423548
2109.5158212252554
1386.4532538098576
2918.580990824069
870.34612367724
2815.2441279576356
2744.287885772916
2962.7507488819083
2797.504602319736
2869.9321420539595
3029.8268927446197
2603.7012117368467
2593.578608795183
3024.871402225189
1389.4490814708247
3079.620431156669
2808.9672479400892
2907.183860714969
2753.9104015926155
3095.0106623401775
1636.1832110127466
3003.0046620008775
2170.522517736189
2965.0812805047735
1017.5226963070235
819.9523233090275
1301.0110971855502
1230.5967048551404
2607.257371261982
3028.3388185604203
3012.089142107166
1432.466186337395
112.77517128297053
2217.0316867376664
3061.0971889177454
3065.2846523610365
2977.466372606084
3099.209415318671
1986.7445104995243
2931.426444583135
1870.3486306033803
1187.6960364504246
2837.097636670518
1614.3952428076477
3022.9670854974174
2969.7405610590695
3024.780983806716
3137.8374718904442
2979.210969367692
3108.5668723705976
3081.9292658982113
2770.074006231596
2909.7008437294853
2112.138371414134
410.33214442682356
2240.8747176047195
3064.5324276306415
2663.128705113574
3065.6385957904695
1398.813112963788
3101.9956479659754
2580.960189541863
332.29626041761304
449.1334190693925
3066.668387680685
2938.1711999132986
2932.659202839586
307.35058615933207
2825.1708797877527
2847.4665933071337
3040.60076300709
2533.726800584462
3128.09207025655
2671.998315867688
3059.9297377552994
3025.503429183366
1771.4704344131842
848.0371822626206
2769.5136757199302
2899.3237142476914
3025.4811187640416
2530.1037528133115
2246.6447204664905
1661.652716424221
2537.841799639988
671.151855022412
681.9610509406164
3084.2258347922284
2666.8481396589723
3558.8772105820476
1484.5400802942345
3040.3649451997744
2756.223593977775
2917.8798810094922
3047.286333773051
2895.4487562379904
3077.3954896957775
1451.785624670736
3113.9015719832487
1844.5371370617509
2967.8397867810745
3105.9982292332556
1506.198941043308
3019.5080725177804
1516.8204409223945
2129.853281331819
2797.816201968956
960.3945803678622
1847.7110840171774
2521.293418069447
3080.098375052275
3016.3000513874485
3045.372883572708
3025.3191567171557
2101.0729401903063
1738.4448510090822
2885.2168029456852
2292.8537894946103
2677.9309177049336
3013.024892031261
3048.5175085605247
3059.8756510681665
3027.8636032689274
2500.392869130765
2656.519527502061
3004.154789620584
3016.3516041733274
2948.4699421903647
2769.3054183326803
2912.2671580746573
3009.1513753881613
3126.6731520897406
2959.885977533584
2109.3151732257024
1559.081460347658
2733.605494580382
3003.13935740583
3165.431566153339
3064.4382845800096
1749.610099422037
2365.20358531774
2546.8179165382116
2984.60114588216
1507.218298721183
2557.973612060903
2894.7517164689593
2966.692939958586
515.1040550220721
2988.6147292684473
3036.6688986453555
3019.0091089628945
196.37834179273267
3009.2653588541625
115.57640870901726
2507.9560402846505
2789.337645391818
3029.338211557101
2928.362853199853
2270.7873084020953
2304.896743891107
2390.6972832209653
3019.4261044117625
3031.6142564646975
3106.646423396129
990.0796369485578
3049.335665354074
3025.753955628342
3006.788153495379
2734.938756169845
2913.1625426673327
3058.832293539471
3090.021682771831
2768.5290318145417
3009.562426666043
3088.3735201558975
711.2268010276644
907.3040766468015
231.3111152358514
2665.366954098423
1626.6148898864167
2694.873002573608
2984.6408494155567
2964.6455100060475
1296.5939996776349
1411.8066439849326
2868.4447876854883
3128.7340890526175
2397.2099407436003
589.7050110013352
2712.055677894536
2049.9293890279137
2710.516094768662
2057.6137878620475
2817.5353591392686
2765.950198394772
3879.4546008428456
2603.184300044865
2610.5735002102515
2998.736734026508
854.6448458275004
2819.313923634655
3068.385080135763
1554.7850333728156
2938.8890758234857
2678.502660069603
3037.827677798742
1739.9105580461028
1912.8746038357897
2976.6348449213183
2661.533956199008
2870.1958121346524
697.7219181012129
1644.0316298660757
2104.0817474613823
3078.1986615551627
3094.1315421294107
117.74000587911087
2384.530247239472
2232.2553617361336
2943.4702308669166
2354.60134630048
3109.9662377588756
3075.9655394688857
2862.0900579821014
2670.0475651193933
2552.686232187715
2801.125488085111
2879.2526808183993
2893.9796993068658
384.43863294395504
3037.044945337414
2966.1793607265076
2753.707500806858
2904.210219663863
1772.964325642228
615.8486268962188
2937.2424142382824
3127.698674744785
2723.0910744960406
2192.5762244446805
2914.218420091179
3032.2753832722096
3005.441731260124
2258.0078609252196
3010.3190860771024
3053.1123464425687
1300.4013803438186
2432.2991181184793
2433.5258371343
2492.806851723866
2889.9225768175597
3043.027768522909
686.4697963129599
2631.213123257047
