1987.5644643632288
3094.5767077259607
2655.677220597413
2961.6493715495776
3006.002994010485
2522.021014979855
2854.3752381213653
3025.1029734539725
3264.9189882751552
2900.55718785205
2763.5763966281083
3055.387700440109
3111.009321747564
2984.7127164938393
3035.4541670069852
979.1867799353113
2772.4032895666624
2802.6367049619803
3005.640697089251
3006.3073695149164
2912.654459423548
3018.945842508628
2815.2441279576356
2962.7507488819083
2869.9321420539595
2622.4765966544037
3079.620431156669
3028.083056984906
124.03176965148035
3031.7834685214775
2961.2487230896454
3028.3388185604203
112.77517128297053
2862.6760207890584
1567.944115713236
3116.0866483461505
1870.3486306033803
246.6167161559074
2960.6274672778927
2837.097636670518
1308.5553102564222
3066.684855018533
1614.3952428076477
2969.7405610590695
3047.789362800529
3170.252513602107
3277.20780543434
2861.51148870664
2751.7248227250225
2770.074006231596
2766.8769398005265
2862.4040595275887
2112.138371414134
2941.8087973218403
340.10275331543824
2994.021710008132
1912.1946815112597
585.2817430520337
3065.6385957904695
2946.452612888938
2932.659202839586
307.35058615933207
2825.1708797877527
3040.60076300709
1030.3416908967613
3143.3003356344743
3128.09207025655
2920.3552866050104
3078.163738335019
2769.5136757199302
2899.3237142476914
1944.9399733667804
2914.5131668942918
2912.175303789202
3081.783250003115
2756.223593977775
3047.286333773051
2895.4487562379904
2957.894859524266
2846.8591464981264
3113.9015719832487
1844.5371370617509
2852.9260418033723
1035.2710997609145
3009.4901561559977
3019.5080725177804
2998.089891914517
2788.418010270419
2797.816201968956
1847.7110840171774
2978.156476748667
2101.0729401903063
3025.4057579108458
2983.02933274214
2874.5539654005197
2904.2990548498406
2750.186811836522
1881.460802142851
2982.9011046294436
2885.2168029456852
2965.5918464927213
2677.9309177049336
2731.721892872551
2500.392869130765
531.286616385167
2656.519527502061
3040.61934480454
2769.3054183326803
3009.1513753881613
3102.117180249639
2893.12504050555
2733.605494580382
3035.7995651887363
3081.6377139438378
3165.431566153339
2952.6628659567623
3102.7431411575335
2984.60114588216
1571.056730357358
3036.6688986453555
196.37834179273267
2576.367695031143
2826.3669259315648
3156.686553967673
3025.753955628342
1095.417500316555
3090.021682771831
3333.1750629094313
1551.0013700831526
3001.908393005943
2735.715537112717
3088.3735201558975
2665.366954098423
2682.7099172292274
2990.9475087335873
2120.352800832913
2893.020739642217
2726.314912111288
2835.784635687157
1839.3077502150957
3010.7844492756813
3128.7340890526175
2601.9071851240446
1062.930030622054
2410.3307864274734
2765.950198394772
2701.0034246553923
2701.0034246553923
432.1875677874085
2872.5104873612486
2603.184300044865
2663.2803081902975
3092.516774408827
2730.8112347798865
2819.313923634655
2953.727306303064
1554.7850333728156
2980.8240471388954
2939.0663483494277
3025.426746758236
3035.9245708679855
2661.533956199008
2129.9233554284997
2719.3567254039776
1942.2114328775117
697.7219181012129
1545.6595679514635
3046.8938281469696
2781.767064295674
3050.4570149405777
2853.101032210388
2943.4702308669166
2354.60134630048
2552.686232187715
2879.2526808183993
2925.915070537765
3037.044945337414
1953.03942612533
1381.1684365058622
2904.210219663863
3021.1709650398134
2983.136771923102
1479.0043948548473
3014.250653147408
3127.698674744785
1017.5216213917897
2914.218420091179
2905.834991874088
2412.9800040613486
3022.66753051008
2889.9225768175597
