2071.9513749120183
2732.9904866280895
2763.5763966281083
3061.4150323013287
2579.026657481502
1068.5709499140091
751.3572302839112
2778.7016752433155
2928.147708022923
2858.3810977544786
2972.227952227304
3088.9119443583977
3129.6560513896393
2802.8381151968388
2644.488986553005
3421.8148693347644
3034.2587233128684
3133.18480144401
3015.997347478935
3013.6116206305555
979.1867799353113
3005.640697089251
3006.590760313073
3141.8738039583363
2049.7763292612985
1581.0083016860426
2622.4765966544037
2865.582314294911
2654.7548851070796
2704.355930716253
2476.7895550489325
3080.1991818711926
3060.2658381258448
2798.2353367792452
3456.61279289424
3136.546189680538
2810.456813402385
2721.7780952899443
3071.1222704412585
2752.305215632757
2961.2487230896454
1567.944115713236
3095.2311706882424
2093.0932850687177
2960.6274672778927
2842.0884046771057
3020.754210457918
2938.23858799791
3066.684855018533
3047.789362800529
2861.51148870664
3064.6306465870166
2785.3445029295744
2875.7004364154877
2957.3545610899782
2766.8769398005265
3028.6784246598527
2862.4040595275887
2583.7514392837475
340.10275331543824
2994.021710008132
2817.8932733515244
1912.1946815112597
3155.482371999566
2976.305595868843
2686.4829238243374
2843.428212563293
3183.439963310109
2357.9956530921595
2176.8844709814107
3084.020752199963
2996.199759695423
2673.171618134505
2564.394080479857
1658.649676694866
3006.045242507092
2547.8820616347084
2926.4191429117504
2736.1708645480794
649.8029268554757
3099.9762902319185
2912.175303789202
2783.4304374278768
2528.95650417315
2741.344013435745
2911.890794655612
1952.7976085605749
2948.351573336959
2899.0645042841275
3024.160875350334
2847.9077407804566
2998.089891914517
2619.633084994897
2534.475389503738
3122.666328636471
2840.411589893272
3034.7831883019253
3039.898682522154
2700.7517471991137
3073.049137257668
3111.675272260889
2874.5539654005197
1881.460802142851
2982.9011046294436
3139.3066113400405
3114.6063956783128
1772.028428101535
3018.737815710381
2731.721892872551
2589.16019203141
3060.9792550740626
531.286616385167
2927.9033453992333
3040.61934480454
664.4086186227431
3102.117180249639
2781.9711536964733
2980.8369630021602
2893.12504050555
2807.08158057437
2257.7773362313674
3033.3723807009337
2596.875045126328
3090.089804520173
138.66871915408373
2882.1296813294603
3098.5051234425687
2382.297840321395
1194.0914433157764
2496.020532766842
3118.115456489778
3053.3750179104327
3053.3958144989874
3156.686553967673
3035.326671052136
3155.19064400245
1095.417500316555
2908.831724249313
3557.6142286649665
3196.4711792849757
3125.4998000318146
3056.449247083979
4307.341407411229
2943.69410774953
3000.100831638836
2682.7099172292274
2990.9475087335873
3090.1396408576747
2947.2331092061654
3008.05983983034
2932.5828206551773
2937.138913977253
2912.9570885958633
3043.647975702792
1062.930030622054
2410.3307864274734
3158.398644882976
1179.2795470119156
2805.971400424632
2983.1391184454815
1140.5403872726035
3036.264151881379
3006.1491978942136
2602.1970524925478
2990.8057442769154
2962.1777461859683
2998.054869411168
3159.247853524633
3065.456735953062
1947.9017557361167
2953.727306303064
2783.108873184813
3067.007988251727
2939.0663483494277
2893.8933117860497
2719.3567254039776
3100.690406989979
1545.6595679514635
2902.2189786441595
3064.190431418646
2912.221488829519
3018.4607004233003
2891.747049795312
1304.9351995405748
1468.5800965558367
1953.03942612533
2884.907710828862
1479.0043948548473
2327.2795276888364
1017.5216213917897
3063.1730280869783
2930.215521083727
2412.9800040613486
3022.66753051008
2936.3967715553317
3129.9897763412373
2975.221840468401
3134.7018997028426
2515.4250137898903
