2314.565726005573
231.11036324663476
1987.5644643632288
2071.9513749120183
2906.941003873299
170.56201332828496
3004.9316131985183
2614.467536612297
3094.5767077259607
1812.2464650262186
3049.748514222046
2655.677220597413
2732.9904866280895
2961.6493715495776
2961.6493715495776
3006.002994010485
2854.3752381213653
3025.1029734539725
2518.6445759574863
1074.6251090496467
1481.8416750786778
1644.3399891749734
3068.827952166703
2790.0737445450927
636.514213311716
533.78685469951
1140.7679430972435
3085.0941638789423
3023.8248957239443
2856.89333017528
2763.5763966281083
3061.4150323013287
3073.1859689904886
2964.988532860947
3055.387700440109
3035.418257835252
2579.026657481502
2122.6567079958954
1068.5709499140091
3115.2749477373536
2874.176490753387
2794.8493698226066
3111.009321747564
2986.1823454034957
751.3572302839112
235.06497605720548
2778.7016752433155
2984.7127164938393
2928.147708022923
1513.5051205729626
2858.3810977544786
3088.9119443583977
3034.46173151055
2943.3523404445523
2717.541260036341
2255.0810406723044
3129.6560513896393
1957.515389466968
2911.1454790167936
2521.9492461189075
2949.4240115656357
3066.2584692096375
2802.8381151968388
2644.488986553005
3034.2587233128684
3133.18480144401
3007.2595498227156
3015.997347478935
3033.4643561439093
3013.6116206305555
1622.1861792038655
3035.4541670069852
2424.159132565336
979.1867799353113
1425.3927090455068
2739.6791782981004
2802.6367049619803
3091.981403566252
716.0880707007655
2912.654459423548
3137.8655165573796
1386.4532538098576
3109.2478190069355
421.61467894323704
2508.609375729759
3018.945842508628
3011.182159883408
3006.590760313073
2049.7763292612985
2660.095205063157
870.34612367724
2815.2441279576356
2744.287885772916
2838.1689519829492
3081.81975462545
2962.7507488819083
2869.9321420539595
141.61058096323032
3029.8268927446197
2863.0810327338318
3685.052509802266
2994.319121269523
1581.0083016860426
2593.578608795183
2659.674040178595
1389.4490814708247
3196.376698701666
1324.723744785983
2622.4765966544037
2865.582314294911
2717.9765451526455
3079.620431156669
3028.083056984906
2815.2475912426635
3046.4797718021823
2907.183860714969
2753.9104015926155
2976.8852849905634
2335.3715978405826
455.3200625658902
2960.526811228019
1762.6336828735662
1636.1832110127466
3031.7834685214775
2654.7548851070796
3071.8647431161435
2704.355930716253
2476.7895550489325
3080.1991818711926
183.73230144333382
166.73059060586945
3003.0046620008775
3093.366774244574
2798.2353367792452
2915.0523151394864
2940.948656471251
880.4463356729601
2813.072519505794
2810.456813402385
2721.7780952899443
2170.522517736189
2811.0261471569233
2965.0812805047735
1017.5226963070235
3071.1222704412585
819.9523233090275
2752.305215632757
1301.0110971855502
2917.910382448179
2917.910382448179
1230.5967048551404
3060.794177986987
2607.257371261982
2806.633570667849
3118.535714081419
2961.2487230896454
2961.2487230896454
365.4224866506251
3028.3388185604203
2919.2444227919086
1432.466186337395
112.77517128297053
2217.0316867376664
2146.513219153321
2862.6760207890584
3061.0971889177454
3065.2846523610365
1569.7902726160357
2977.466372606084
806.530532590042
1567.944115713236
3043.343556025197
3095.2311706882424
3116.0866483461505
1986.7445104995243
2931.426444583135
1870.3486306033803
2093.0932850687177
3060.152120402142
246.6167161559074
2075.0232528818215
2995.4794274039555
1187.6960364504246
2960.6274672778927
2837.097636670518
2842.0884046771057
3020.754210457918
3118.207337557915
2937.0354100691384
3003.2072855532415
1308.5553102564222
3066.684855018533
1614.3952428076477
3022.9670854974174
2969.7405610590695
2703.2060594782224
2951.842475472024
3047.789362800529
3024.780983806716
298.8710006004312
3170.252513602107
2083.3219866357604
2861.51148870664
2993.8234750897673
3022.072467694963
1694.46407456783
3064.6306465870166
3071.7254109050455
2751.7248227250225
3108.5668723705976
186.93078180843963
2785.3445029295744
1008.8727930220175
2101.142308364677
2101.142308364677
3019.890064224193
2971.134968324353
4526.214312203937
2552.281038600601
3388.487273105771
3072.48807971651
2770.074006231596
1510.8120333122881
2909.7008437294853
1126.4395789388864
2957.3545610899782
2766.8769398005265
3028.6784246598527
3033.9009542171702
2862.4040595275887
2112.138371414134
2941.8087973218403
2107.5056346306446
1672.5162181576286
2758.5842383367662
410.33214442682356
2583.7514392837475
340.10275331543824
2240.8747176047195
343.5328632387106
2663.128705113574
2994.021710008132
966.8184291789422
2307.158425422992
3038.9032561105223
106.010345529988
2817.8932733515244
1912.1946815112597
585.2817430520337
3065.6385957904695
2873.36179413587
3137.9595281009515
1398.813112963788
3155.482371999566
2580.960189541863
2976.305595868843
3173.1550545156683
2967.53635192618
3124.1077126121004
2686.4829238243374
1275.7277824833716
2041.228980295694
332.29626041761304
2843.428212563293
3183.439963310109
449.1334190693925
2946.452612888938
3482.264636698251
2357.9956530921595
2968.1536348376535
2176.8844709814107
2938.1711999132986
2932.659202839586
1523.968667656924
575.7687252700049
1505.8917623787072
3084.020752199963
1725.9869640295665
2833.27098950947
307.35058615933207
3048.3054308910987
2825.1708797877527
3068.893122935449
3017.916002807226
2847.4665933071337
3040.60076300709
3011.177510542937
1030.3416908967613
3143.3003356344743
2691.0158862407557
2996.199759695423
2673.171618134505
2903.7565324940506
2859.7826840513785
2966.2993780128095
2671.998315867688
2564.394080479857
1658.649676694866
2920.3552866050104
3125.1182377629425
3059.9297377552994
3025.503429183366
3078.163738335019
2537.02562068274
3006.045242507092
1771.4704344131842
2796.876740222972
750.6371460299573
2769.5136757199302
2926.4191429117504
2899.3237142476914
3066.5333847850015
2171.222121294964
2736.1708645480794
3025.4811187640416
905.503968793415
2350.5048393908464
649.8029268554757
3074.4706861505215
3126.2226408239376
1944.9399733667804
2907.5230007689775
3023.9067445938376
2246.6447204664905
2965.5158067357997
1661.652716424221
3027.6555286226935
3099.9762902319185
2912.175303789202
2537.841799639988
671.151855022412
1042.6828376836647
681.9610509406164
3180.8296087656686
2783.4304374278768
3284.062271029561
1823.5970634984035
3045.100162556222
2666.8481396589723
1484.5400802942345
3040.3649451997744
2756.223593977775
3283.1318889136287
3047.286333773051
2895.4487562379904
2957.894859524266
2990.6641402871974
3015.925562741893
758.1174875967183
3077.3954896957775
2798.5713319477677
2846.8591464981264
2914.664303140476
1195.2422871534627
1131.3770923082716
2741.344013435745
2911.890794655612
2215.6716814546157
3113.9015719832487
2523.406725044694
3098.7468434836705
2658.7854369994066
1844.5371370617509
3157.898193419199
1952.7976085605749
3152.459515996997
2971.6303605933376
2948.351573336959
2899.0645042841275
3124.767351340002
3024.160875350334
1506.198941043308
2852.9260418033723
2847.9077407804566
3122.674014366529
3009.4901561559977
3019.5080725177804
1629.6314767455865
2998.089891914517
2797.816201968956
2993.507307490606
2619.633084994897
2619.633084994897
960.3945803678622
2876.9753214096286
2884.844709858729
2832.293681806344
3110.1591599144763
2534.475389503738
2926.254090129523
1847.7110840171774
3122.666328636471
2840.411589893272
3034.7831883019253
3016.3000513874485
2793.6113723995286
3045.372883572708
2939.4965555344756
2883.281984128438
1248.4309151891455
3025.3191567171557
2811.2912513657348
3039.898682522154
2700.7517471991137
2637.7065795876338
2101.0729401903063
3073.049137257668
3025.4057579108458
2983.02933274214
3111.675272260889
2874.5539654005197
1738.4448510090822
2224.972134657061
2886.915741756212
623.5630481369906
2829.605007770535
3108.577166486145
2750.186811836522
1130.7291342315614
1881.460802142851
2539.163838747522
2982.9011046294436
3113.9089582064994
2885.2168029456852
2965.5918464927213
2892.273673081487
2292.8537894946103
1923.396345010538
2789.8757140775506
2584.9719534261762
2584.9719534261762
2677.9309177049336
3095.958817555448
2549.4817120348266
480.4974310551192
3139.3066113400405
3029.889601949185
3114.6063956783128
1772.028428101535
3018.737815710381
3059.8756510681665
2483.2116301273913
2731.721892872551
2317.098401018001
3027.8636032689274
2589.16019203141
3060.9792550740626
3257.5974275529993
3017.826204406128
3108.345379780094
3062.8614072464866
2500.392869130765
3035.131133905115
3075.864919010581
2810.445783145469
531.286616385167
1845.829217452194
1319.8355484680683
2942.4250202853555
2927.9033453992333
2656.519527502061
3040.61934480454
3004.154789620584
1974.4471378086746
664.4086186227431
3016.3516041733274
2948.4699421903647
2261.2192507583395
1974.345461159172
3087.803426385601
2769.3054183326803
2912.2671580746573
3009.1513753881613
3126.6731520897406
124.65621866364992
2505.4853821166084
3102.117180249639
2781.9711536964733
2959.885977533584
1757.309235735182
3065.988584453739
2772.490216393938
2833.268518866654
2980.8369630021602
587.5442536524312
2982.8871919668873
2826.3325175918008
178.26319748650786
2893.12504050555
2973.9993275049155
1559.081460347658
2807.08158057437
3035.7995651887363
2629.4739017528086
1199.5017194651512
3081.6377139438378
3165.431566153339
3177.5021636499187
2952.6628659567623
480.82367480191516
2257.7773362313674
3064.4382845800096
3033.3723807009337
507.83877239732226
2596.875045126328
3007.1173904591124
3003.911450093013
3090.9694272188253
1340.1507377903358
3025.6595975092987
3090.089804520173
2998.1969581733906
1749.610099422037
1629.6096158282921
1246.8846678823231
2365.20358531774
2546.8179165382116
2914.8559141062333
785.3828684152091
138.66871915408373
2984.60114588216
1507.218298721183
2557.973612060903
2566.267815330272
2915.5776443098757
2966.692939958586
375.8333656688397
515.1040550220721
2882.1296813294603
2960.4898243364073
3036.6688986453555
1857.938508132041
2650.016886738598
2620.102765160117
3098.5051234425687
196.37834179273267
1588.4648249174406
405.9748491284977
115.57640870901726
3042.1232716640625
2875.6970459350655
2507.9560402846505
2745.637721914209
2576.367695031143
3029.338211557101
2382.297840321395
2928.362853199853
1852.745462819926
1194.0914433157764
3089.794167901817
3143.962467969366
1912.099369802642
2975.5466724620514
2496.020532766842
3054.393065733377
2981.9973172355185
3042.9045335008477
3019.4261044117625
3031.6142564646975
2603.611530162957
3106.646423396129
2109.3996776334493
990.0796369485578
3118.115456489778
3049.335665354074
3053.3750179104327
3053.3958144989874
3156.686553967673
3035.326671052136
3025.753955628342
3006.788153495379
3155.19064400245
2536.454316560824
2734.938756169845
349.71124249153416
1095.417500316555
2087.360055189279
2913.1625426673327
3058.832293539471
1117.2441541579353
2592.3081414059825
1765.637703494143
3034.500288350628
2917.168147364803
2908.831724249313
3038.280928419909
3090.021682771831
1551.0013700831526
3001.908393005943
2735.715537112717
3009.6895188706403
3196.4711792849757
2768.5290318145417
3125.4998000318146
3088.3735201558975
3056.449247083979
3520.9025831452886
2868.797396122805
4307.341407411229
1189.726806876249
711.2268010276644
2388.6547469234647
907.3040766468015
3000.100831638836
3040.000164473665
330.4722236814767
3055.4729584795627
2990.886490657813
2636.625779286366
2665.366954098423
3526.233117648333
2694.873002573608
2682.7099172292274
2926.1230322732863
2895.5764538343446
2990.9475087335873
2984.6408494155567
2947.2331092061654
3099.89080452769
1500.6220376896968
2671.761684731727
2849.5571585774906
2964.6455100060475
2893.020739642217
1296.5939996776349
3046.30760101486
1158.581298399042
2835.784635687157
1839.3077502150957
3036.310260826424
3058.8170916221393
3008.05983983034
2932.5828206551773
3239.145720711515
2937.138913977253
3010.7844492756813
2912.9570885958633
3033.5215509370564
2985.4860575791795
2868.4447876854883
2986.8493433718045
2933.3910410991316
2082.747104187016
3128.7340890526175
589.7050110013352
2712.055677894536
2049.9293890279137
1062.930030622054
2812.1946056416714
2410.3307864274734
2985.933857271486
2953.3511474255556
3035.157986003268
2946.2851185854174
601.0615349113833
2973.7824399238934
959.7545259075963
1179.2795470119156
2805.971400424632
2983.1391184454815
1140.5403872726035
2710.516094768662
2901.946588068055
2817.5353591392686
3036.264151881379
2918.7589828554196
2765.950198394772
3006.1491978942136
2701.0034246553923
2701.0034246553923
2248.128666246666
2891.2453199266492
3167.2631718881944
432.1875677874085
2602.1970524925478
3134.3884570997407
3033.9355629283054
2990.8057442769154
2962.1777461859683
2603.184300044865
2677.7622187191814
2610.5735002102515
2517.01926889725
3078.705572152017
2722.266151573219
2663.2803081902975
2081.9555710917602
2998.054869411168
2712.941116205866
3159.247853524633
2998.736734026508
2068.896928317059
2356.229509194735
854.6448458275004
2730.8112347798865
3065.456735953062
2819.313923634655
1947.9017557361167
2953.727306303064
2783.108873184813
1090.6256232090104
1445.339363263666
3067.007988251727
1554.7850333728156
789.7923777799798
683.9472064786784
2980.437551769866
2980.8240471388954
424.9705872175387
1739.9105580461028
1532.0819168699786
3077.77711993548
2939.0663483494277
3032.732101587581
2893.8933117860497
1912.8746038357897
2976.6348449213183
1733.2491165438269
3035.9245708679855
2661.533956199008
2129.9233554284997
2464.346972323506
2108.8979349414394
3048.9819612454153
2870.1958121346524
2719.3567254039776
1942.2114328775117
697.7219181012129
3119.3524969134255
2924.473627851725
802.4765572899979
2688.949423101851
3100.690406989979
3485.2550839214377
1545.6595679514635
2902.2189786441595
3094.1315421294107
1080.155891526807
1596.0269421284595
3064.190431418646
2819.5354227249163
1353.8469263546665
3046.8938281469696
3022.4509921584895
2781.767064295674
1539.34239206236
2384.530247239472
638.542187329988
2806.8655115626852
1316.2491690405639
3050.4570149405777
2232.2553617361336
431.20807767241143
3018.4607004233003
2853.101032210388
2943.4702308669166
2995.1614313756086
2354.60134630048
2891.747049795312
3075.9655394688857
3195.05399015408
2873.142356375777
3016.6726703442687
2490.1904545636007
2552.686232187715
1925.0152596798093
1304.9351995405748
1468.5800965558367
2916.244331327493
2801.125488085111
2879.2526808183993
2925.915070537765
2893.9796993068658
2422.3706363807996
997.6524632857102
423.50854108873824
4050.596375843925
2878.672610770351
3037.044945337414
2966.1793607265076
2581.560768217493
1381.1684365058622
2904.210219663863
3021.1709650398134
2983.136771923102
1206.9608009376236
1750.58433101637
2884.907710828862
3103.882890832028
1479.0043948548473
3014.250653147408
1772.964325642228
615.8486268962188
1897.2020187634987
415.6014091048735
2512.3083011446006
3127.698674744785
2327.2795276888364
1854.9210225773827
3001.668535998334
1017.5216213917897
3168.1043227773634
2723.0910744960406
2192.5762244446805
2976.600409863587
3047.3562312273325
2914.218420091179
3032.2753832722096
2720.1286734271625
3005.441731260124
2258.0078609252196
2663.1694463548642
1885.3919353810027
3010.3190860771024
669.185862634585
2591.3539897125916
3063.1730280869783
2663.211876663177
3008.3488826930047
1300.4013803438186
2930.215521083727
2412.9800040613486
3022.66753051008
2936.3967715553317
3129.9897763412373
2432.2991181184793
2433.5258371343
2889.9225768175597
1700.044411184616
3043.027768522909
2975.221840468401
3134.7018997028426
1655.1733292921112
2515.4250137898903
2692.6103505705923
2447.935252411717
2494.443124226148
